//8
30 127 143 454 779 1185 1191 1446 1467 1486 1504 1526 1545 1561 1602 1621 1660 1702 1721 1739 1755 1776 1795 1814 1853 1871 1911 1929 1949 1985 2006
//19
10 232 239 524 531 808 816 1093 1390 1483 1491
//0
28 325 341 383 399 421 459 480 499 515 536 573 597 613 656 674 689 717 745 1079 1089 1339 1347 1599 1610 1870 1879 1951 1960
//3
46 58 78 329 358 377 427 445 495 515 536 582 605 629 672 697 719 738 764 805 833 850 899 916 940 963 1005 1029 1050 1093 1116 1133 1179 1198 1241 1261 1288 1305 1326 1368 1389 1698 1726 1749 1769 1810 1830
//4
100 206 229 243 283 298 337 354 371 409 426 446 481 501 519 534 555 587 611 626 666 681 700 720 754 775 792 829 848 863 902 917 956 971 993 1009 1027 1064 1081 1096 1136 1151 1190 1205 1226 1243 1260 1297 1336 1351 1370 1389 1408 1423 1462 1477 1516 1554 1572 1587 1609 1624 1642 1661 1696 1716 1750 1788 1805 1825 1841 1858 1879 1895 1933 1951 1985 2019 2040 2057 2072 2093 2109 2125 2162 2179 2214 2254 2269 2286 2300 2322 2337 2353 2390 2407 2444 2461 2479 2513 2532
//5
42 414 459 498 523 548 568 946 963 986 1006 1024 1048 1064 1110 1127 1167 1208 1233 1249 1269 1293 1313 1331 1375 1393 1437 1482 1501 1521 1540 1563 1585 1602 1648 1669 1713 1733 1756 1796 1821 2026 2033
//7
10 329 335 377 391 435 465 553 559 760 772
//8
52 351 374 429 452 473 491 538 558 576 623 640 685 705 731 750 769 812 859 877 897 921 941 960 1004 1020 1066 1110 1129 1147 1172 1188 1210 1231 1269 1291 1329 1368 1388 1410 1430 1446 1470 1488 1527 1546 1585 1622 1645 1661 1680 1701 1720
//19
78 47 54 240 256 295 314 331 371 387 426 445 465 483 499 538 557 573 613 629 668 685 707 725 740 778 819 835 853 873 891 906 947 963 1003 1041 1059 1076 1098 1114 1132 1152 1188 1207 1242 1280 1298 1318 1335 1351 1373 1388 1428 1444 1483 1517 1539 1555 1572 1593 1610 1626 1665 1682 1719 1760 1774 1791 1807 1828 1845 1861 1899 1915 1953 1971 1989 2026 2044
//0
60 243 267 282 324 340 359 379 416 438 454 493 513 529 570 586 628 646 669 686 705 744 763 781 822 839 882 901 921 941 960 1000 1045 1063 1083 1105 1124 1143 1186 1202 1248 1290 1310 1328 1353 1370 1390 1413 1452 1475 1515 1558 1578 1601 1621 1639 1665 1682 1728 1747 1778
//2
10 76 82 338 359 736 1014 1022 1400 1472 1478
//5
12 117 412 451 464 472 478 594 600 761 770 1016 1024
//6
10 16 21 125 140 190 210 383 389 678 684
//8
34 104 120 431 438 736 755 1161 1167 1420 1443 1462 1479 1502 1522 1538 1580 1598 1637 1679 1698 1714 1730 1754 1773 1789 1830 1846 1887 1906 1926 1960 1981 2143 2150
//19
10 208 216 500 508 785 793 1070 1367 1461 1469
//0
28 323 341 380 398 419 457 478 497 513 535 572 596 612 654 673 689 714 742 1076 1086 1336 1344 1595 1608 1866 1875 1948 1956
//3
46 54 77 326 355 374 425 444 493 512 535 581 603 626 671 696 717 735 763 802 830 849 896 914 937 959 1001 1025 1045 1090 1111 1130 1176 1193 1238 1258 1283 1302 1322 1364 1384 1399 1721 1744 1764 1805 1825
//4
100 196 219 234 274 289 329 345 361 399 417 437 471 491 509 524 545 577 601 616 656 671 689 709 744 765 781 818 837 852 891 906 946 961 982 998 1016 1053 1070 1085 1126 1141 1180 1196 1217 1233 1250 1287 1327 1341 1360 1379 1397 1412 1451 1466 1505 1543 1561 1576 1599 1614 1632 1651 1686 1706 1740 1778 1795 1815 1832 1848 1869 1885 1923 1941 1975 2009 2030 2047 2062 2083 2100 2115 2152 2169 2204 2244 2259 2276 2290 2312 2327 2343 2380 2396 2433 2450 2469 2503 2521
//5
42 403 448 486 511 536 556 934 951 974 994 1011 1036 1053 1099 1116 1156 1196 1220 1239 1258 1282 1301 1318 1363 1381 1426 1471 1490 1508 1528 1552 1573 1591 1637 1658 1700 1721 1744 1784 1809 2014 2021
//5
42 403 448 486 511 536 556 934 951 974 994 1011 1036 1053 1099 1116 1156 1196 1220 1239 1258 1282 1301 1318 1363 1381 1426 1471 1490 1508 1528 1552 1573 1591 1637 1658 1700 1721 1744 1784 1809 2014 2021
//8
62 450 460 673 695 986 992 1152 1172 1190 1234 1251 1296 1314 1338 1358 1375 1418 1437 1455 1499 1516 1559 1577 1602 1618 1637 1677 1721 1737 1759 1780 1799 1814 1857 1874 1914 1956 1976 1992 2015 2031 2050 2070 2107 2127 2164 2202 2221 2241 2259 2275 2296 2312 2407 2441 2464 2480 2496 2515 2534 2549 2556
//0
54 238 278 298 316 358 378 399 440 464 483 499 523 560 585 604 649 666 686 709 750 774 794 837 858 876 923 939 985 1004 1030 1049 1066 1113 1135 1152 1200 1218 1265 1285 1311 1329 1349 1394 1443 1461 1484 1508 1524 1847 1857 1950 1962 2228 2240
//5
10 171 177 183 226 245 294 315 340 383 398
//7
14 83 89 156 162 201 209 436 442 739 983 1181 1187 1502 1842
//8
26 351 564 714 728 783 789 974 997 1014 1032 1052 1070 1086 1124 1142 1177 1218 1268 1289 1307 1323 1361 1377 1415 1431 1451
//0
18 63 83 106 117 238 247 509 516 783 793 1060 1069 1334 1344 1617 1630 1898 1908
//2
10 426 434 478 484 754 1068 1076 1420 1861 2237
//3
46 34 39 119 125 264 291 308 356 374 420 436 460 505 526 550 589 613 635 652 677 715 742 760 805 823 844 867 906 930 950 992 1012 1030 1074 1090 1134 1153 1176 1193 1207 1539 1558 1612 1636 1666 1685
//4
100 14 37 53 93 109 149 166 183 221 240 261 297 318 336 352 373 407 430 446 487 502 521 540 577 598 616 652 672 686 727 742 783 798 820 838 855 893 911 927 966 982 1023 1039 1062 1078 1095 1131 1173 1189 1207 1227 1246 1261 1301 1316 1357 1395 1413 1429 1451 1467 1485 1504 1539 1559 1595 1630 1649 1669 1687 1703 1724 1739 1779 1794 1832 1865 1886 1902 1920 1940 1957 1974 2011 2027 2065 2103 2118 2135 2151 2172 2189 2204 2242 2258 2295 2312 2331 2365 2384
//5
54 113 128 145 166 208 254 273 293 318 338 357 403 421 469 512 535 554 580 598 620 643 686 710 752 798 818 845 864 884 910 929 977 996 1043 1086 1112 1133 1152 1179 1199 1222 1269 1289 1335 1386 1406 1426 1445 1474 1494 1517 1564 1852 1860
//8
64 424 435 649 670 960 966 1127 1147 1165 1209 1227 1272 1290 1314 1334 1352 1394 1414 1431 1475 1491 1534 1552 1576 1592 1611 1651 1695 1712 1733 1754 1774 1789 1832 1849 1889 1931 1950 1966 1989 2005 2024 2044 2081 2101 2138 2176 2195 2215 2234 2250 2271 2287 2327 2343 2380 2414 2437 2453 2470 2489 2508 2523 2529
//0
52 238 280 300 316 358 379 401 440 464 483 502 526 563 589 607 651 670 691 714 754 778 798 840 863 879 926 944 989 1008 1035 1053 1071 1117 1137 1156 1203 1221 1268 1288 1313 1332 1352 1397 1445 1464 1485 1509 1527 1850 1860 1951 1957
//2
10 289 359 484 769 778 789 1218 1224 1314 1504
//5
10 134 140 146 189 208 255 277 302 345 360
//7
12 117 124 161 171 397 403 813 944 1141 1147 1465 1839
//8
26 317 693 893 902 941 963 980 996 1019 1035 1051 1091 1107 1144 1185 1201 1217 1232 1255 1271 1287 1324 1342 1380 1396 1403
//0
18 64 83 107 118 239 249 511 519 785 795 1062 1071 1335 1345 1444 1454 1559 1569
//2
10 426 435 804 810 1209 1522 1531 1875 2317 2693
//3
46 34 46 118 124 266 292 311 357 375 422 439 461 506 527 551 592 615 636 653 679 717 743 761 806 823 845 867 908 929 950 991 1011 1029 1072 1088 1133 1153 1174 1191 1203 1535 1554 1609 1633 1663 1681
//3
46 34 46 118 124 266 292 311 357 375 422 439 461 506 527 551 592 615 636 653 679 717 743 761 806 823 845 867 908 929 950 991 1011 1029 1072 1088 1133 1153 1174 1191 1203 1535 1554 1609 1633 1663 1681
//0
22 313 332 371 394 410 455 472 515 534 558 577 593 912 920 1176 1184 1526 1536 1621 1628 1754 1901
//3
56 7 8 116 156 183 203 223 246 288 315 333 380 401 421 445 485 510 530 574 594 613 660 676 723 738 766 785 805 847 867 885 929 945 991 1009 1034 1052 1071 1112 1156 1173 1193 1213 1234 1251 1294 1310 1351 1394 1413 1429 1454 1471 1490 1507 1513
//4
100 182 205 220 259 273 313 329 345 384 401 421 457 477 494 511 533 566 589 604 644 659 678 697 733 754 771 808 828 841 882 896 937 950 973 988 1006 1043 1060 1076 1116 1130 1169 1185 1207 1223 1240 1276 1317 1333 1350 1370 1387 1402 1443 1457 1497 1534 1552 1567 1589 1604 1622 1641 1675 1695 1729 1765 1784 1803 1820 1835 1858 1872 1912 1927 1965 1998 2020 2036 2053 2073 2089 2105 2143 2158 2196 2233 2251 2267 2283 2303 2321 2336 2374 2389 2427 2443 2462 2495 2515
//5
34 162 178 231 253 290 309 671 692 711 731 754 775 793 836 857 966 986 1006 1030 1050 1069 1116 1135 1181 1201 1225 1264 1288 1488 1496 1617 1627 1881 1891
//6
10 356 362 451 467 522 536 699 705 940 1279
//8
52 277 292 317 454 496 529 548 591 633 653 669 695 711 731 752 791 812 850 889 909 931 950 966 990 1006 1048 1064 1105 1139 1163 1179 1197 1218 1236 1252 1293 1309 1349 1388 1405 1423 1439 1459 1477 1492 1530 1545 1583 1601 1621 1655 1674
//0
56 287 305 323 366 382 425 444 468 484 504 546 592 609 629 652 672 690 734 752 794 840 860 876 903 920 940 964 1005 1026 1067 1110 1130 1154 1174 1193 1218 1237 1283 1300 1346 1387 1412 1431 1451 1475 1495 1515 1544 1580 1591 1797 1805 2059 2068 2331 2340
//3
22 181 187 210 216 468 495 513 563 580 627 648 665 712 732 756 797 821 842 861 886 1095 1101
//19
16 71 78 177 467 739 748 1012 1020 1289 1297 1557 1565 1633 1642 1891 1898
//0
20 319 338 379 399 417 460 478 522 541 563 582 601 919 927 1181 1191 1533 1543 1763 1909
//3
56 19 25 128 169 196 216 236 260 302 329 347 395 415 435 459 499 525 545 588 608 627 673 689 736 753 779 798 818 860 880 899 943 959 1005 1023 1048 1066 1084 1125 1170 1187 1207 1228 1250 1266 1309 1327 1367 1411 1430 1447 1471 1487 1506 1525 1531
//4
100 190 213 228 267 282 322 339 355 393 411 431 466 486 504 520 542 574 597 612 653 668 686 704 740 760 778 814 833 847 888 903 943 957 980 995 1013 1050 1068 1084 1125 1139 1179 1195 1217 1233 1249 1286 1327 1343 1360 1380 1398 1413 1453 1467 1508 1545 1563 1577 1600 1615 1633 1652 1687 1706 1741 1777 1795 1814 1832 1847 1869 1883 1923 1937 1975 2008 2030 2046 2063 2083 2100 2116 2154 2169 2207 2244 2261 2278 2294 2313 2331 2345 2384 2399 2437 2453 2472 2505 2525
//5
32 165 184 234 255 293 311 674 696 713 733 755 776 794 837 860 969 989 1008 1032 1052 1071 1118 1135 1181 1201 1225 1267 1291 1491 1499 1886 1896
//6
10 364 370 461 477 531 545 708 714 950 1289
//8
56 387 411 732 748 773 875 889 908 950 983 1002 1045 1087 1107 1123 1147 1165 1185 1206 1246 1267 1305 1344 1363 1385 1405 1421 1445 1461 1503 1519 1560 1594 1618 1634 1653 1675 1692 1708 1749 1765 1806 1844 1861 1880 1896 1916 1934 1950 1988 2004 2042 2060 2080 2116 2133
//0
56 287 305 323 366 382 427 444 468 484 504 546 592 609 630 652 672 691 736 753 795 842 862 879 906 923 945 967 1008 1030 1071 1115 1136 1158 1179 1197 1224 1241 1287 1306 1352 1392 1417 1436 1457 1481 1503 1523 1552 1587 1597 1803 1813 2067 2076 2339 2347
//3
24 182 188 212 218 470 497 516 564 583 629 650 668 715 735 759 800 823 845 864 889 1099 1105 1232 1624
//5
10 203 222 233 239 549 655 900 909 959 1227
//19
12 253 262 526 534 803 811 1071 1079 1148 1156 1405 1412
//19
12 253 262 526 534 803 811 1071 1079 1148 1156 1405 1412
