//5
18 18 46 56 82 100 110 118 146 162 172 189 199 226 235 244 254 612 618
//6
10 294 300 627 637 648 662 680 691 815 821
//6
12 461 730 761 767 790 1070 1081 1091 1102 1138 1322 1328
//1
12 317 436 447 462 477 489 503 522 537 705 944 950
//5
30 436 455 465 493 510 520 530 538 548 576 593 602 612 640 656 666 684 693 720 731 739 749 832 919 1011 1026 1378 1384 1484 1490
//1
12 361 487 498 511 525 542 556 572 589 767 1032 1038
//5
34 449 459 469 488 505 524 534 562 581 589 598 608 617 645 664 674 684 713 729 739 756 766 794 804 812 822 905 1010 1107 1147 1572 1578 1938 1944
//6
10 370 376 446 749 765 780 794 820 970 976
//1
12 429 557 569 583 598 616 632 641 661 853 1143 1149
//5
20 255 283 303 313 323 352 368 378 397 407 434 445 454 465 548 758 882 888 1041 1047
//1
12 58 190 203 217 237 251 267 277 292 538 818 825
//3
12 360 384 426 441 466 476 493 503 530 540 548 558
//6
10 59 65 173 499 514 529 545 573 739 745
//1
10 154 291 307 326 374 621 632 650 952 958
//3
34 373 614 662 671 691 719 734 742 752 772 791 812 822 852 871 881 890 899 909 938 956 965 975 1003 1019 1029 1045 1055 1082 1092 1100 1110 1184 1190
//4
28 337 376 426 437 462 473 496 507 526 539 548 557 590 603 644 656 670 683 693 702 710 719 797 821 844 874 1071 1077
//5
32 180 191 224 247 258 269 279 290 311 344 355 378 411 422 442 466 476 497 508 519 591 603 626 640 658 667 710 725 746 760 1150 1156
//3
40 407 423 437 452 480 494 509 521 558 580 590 611 621 632 652 686 718 738 748 758 768 778 788 798 808 840 859 869 879 899 917 938 947 975 993 1003 1012 1020 1040 1046
//4
64 404 416 424 436 465 485 494 504 513 524 543 573 582 602 630 640 657 677 686 706 714 724 743 772 800 818 827 836 844 854 862 871 879 908 926 936 944 964 981 1000 1009 1037 1054 1063 1071 1080 1088 1115 1132 1141 1150 1176 1192 1201 1217 1226 1251 1261 1269 1279 1353 1676 2114 2120
//4
64 404 416 424 436 465 485 494 504 513 524 543 573 582 602 630 640 657 677 686 706 714 724 743 772 800 818 827 836 844 854 862 871 879 908 926 936 944 964 981 1000 1009 1037 1054 1063 1071 1080 1088 1115 1132 1141 1150 1176 1192 1201 1217 1226 1251 1261 1269 1279 1353 1676 2114 2120
//7
10 388 399 427 438 449 460 808 814 997 1003
//7
12 291 345 364 381 394 405 453 500 525 552 767 773
//7
20 264 278 295 345 357 463 521 574 607 695 725 827 838 850 932 956 972 1370 1465 1471
//4
40 251 280 332 342 350 359 369 381 397 409 427 439 460 472 494 505 584 597 615 627 651 664 679 691 715 727 791 803 827 839 886 898 923 937 957 971 1020 1032 1090 1100
//7
10 255 269 335 346 416 427 441 447 514 520
//3
14 155 161 534 545 593 613 623 633 643 652 673 702 713 725
//7
12 111 139 147 155 161 245 252 575 703 709 1008 1015
//4
52 213 237 254 260 463 512 631 641 649 659 684 703 713 722 731 740 758 787 797 816 844 855 872 893 902 921 931 941 959 990 1016 1078 1087 1097 1125 1164 1201 1229 1258 1272 1297 1310 1338 1352 1405 1419 1429 1442 1470 1486 1508 1522
//19
54 197 205 215 223 259 267 275 282 292 300 336 345 353 362 397 406 414 423 441 467 477 485 522 530 539 555 574 590 600 607 617 624 634 641 651 667 695 720 739 747 756 781 800 808 818 852 862 888 924 958 968 977 1003 1030
//0
14 315 344 366 418 439 503 515 525 536 544 589 599 610 630
//8
10 79 87 98 107 146 154 163 170 228 236
//19
52 199 207 217 225 261 269 278 285 295 302 339 347 356 364 400 409 417 426 443 470 478 487 523 531 541 557 576 592 619 627 637 644 655 670 698 723 742 749 759 784 803 810 820 854 864 872 881 888 925 959 1006 1033
//0
12 317 346 366 417 438 502 535 544 588 599 610 632
//19
54 218 226 236 244 280 288 297 304 314 322 358 366 374 383 419 428 437 445 462 488 497 506 542 550 559 576 595 611 621 628 637 644 654 661 671 687 715 740 759 766 776 801 820 827 837 871 881 907 943 977 987 995 1022 1049
//0
12 320 346 391 420 441 505 516 547 592 602 613 633
//8
10 75 84 94 102 142 150 160 167 223 232
//19
52 195 203 212 220 256 265 273 280 290 298 334 343 351 360 395 404 413 421 439 465 475 483 519 527 537 553 572 588 598 605 614 621 631 638 648 664 692 717 736 743 753 778 797 849 859 885 921 955 965 973 1000 1027
//0
12 319 348 369 420 443 549 594 605 616 636 647 657
//19
54 214 222 232 240 276 284 292 299 309 317 353 362 370 379 414 423 433 441 459 484 494 502 539 547 557 573 592 608 618 625 634 641 651 658 668 684 712 737 756 764 774 798 817 869 879 905 941 975 985 994 1020 1029 1037 1046
//0
14 321 349 370 421 442 506 517 549 593 603 614 636 647 656
//8
10 78 88 98 106 146 154 164 171 227 237
//19
54 202 210 220 228 265 273 281 288 298 306 342 351 359 368 403 412 421 429 447 472 481 490 526 534 544 560 579 595 605 613 622 629 639 647 657 673 700 725 744 751 761 785 804 856 866 892 928 962 972 981 1007 1016 1024 1033
//0
12 321 349 370 421 444 550 596 607 618 638 650 659
//19
58 228 237 246 254 290 298 307 314 324 331 368 375 384 392 429 436 446 453 472 497 507 514 551 559 568 585 603 619 629 638 646 655 663 699 725 752 769 778 788 813 831 839 849 883 893 901 910 917 954 962 972 988 998 1006 1034 1042 1051 1059
//0
12 323 351 372 422 445 509 520 550 596 607 618 638
//19
52 225 233 243 251 287 295 304 311 321 328 365 373 381 389 425 434 442 451 468 494 503 512 548 556 565 582 601 617 627 635 644 651 661 668 678 694 722 747 766 773 783 807 826 879 889 916 951 985 995 1004 1030 1057
//0
10 323 352 374 424 446 552 598 608 619 639
//0
10 323 352 374 424 446 552 598 608 619 639
//7
10 25 31 329 339 419 825 975 1009 1091 1097
//2
10 236 621 715 723 775 901 949 955 1105 1111
//2
10 240 251 648 795 821 849 886 916 1025 1031
//2
16 277 283 328 335 611 622 660 779 803 976 1285 1321 1387 1464 1759 1766
//2
14 128 172 204 296 377 383 418 478 490 498 523 557 698 704
//2
14 320 467 619 631 670 698 981 990 1303 1338 1407 1415 1475 1483
//2
12 122 134 152 189 267 359 491 497 547 611 720 726
//2
10 364 388 669 791 960 967 1102 1109 1124 1180
//7
12 141 171 610 620 784 791 837 900 1153 1161 1478 1515
//2
18 26 43 119 192 279 312 519 559 628 651 695 727 774 819 889 896 1059 1065
//4
20 443 462 487 509 538 556 598 618 635 655 662 681 713 729 740 753 824 830 1256 1280
//2
12 228 424 845 860 1052 1061 1100 1223 1540 1586 1652 1810
//2
10 401 425 452 612 640 792 853 1180 1240 1246
//4
24 90 119 157 211 243 261 325 341 370 391 457 476 494 513 524 539 613 619 679 706 832 853 897 905
//7
14 399 405 838 915 932 964 987 1173 1503 1541 1612 1621 2008 2017
//4
26 44 69 140 168 217 247 455 484 521 575 624 643 663 696 767 790 900 918 952 1228 1367 1388 1433 1440 1711 1717
//2
16 375 435 607 615 871 1146 1160 1194 1233 1264 1293 1342 1356 1363 1499 1509
//7
18 426 435 729 742 784 842 883 911 936 1122 1457 1495 1569 1576 1642 1651 1829 1979
//2
16 355 381 544 638 734 782 1203 1214 1342 1432 1519 1550 1576 1615 1688 1694
//2
16 355 381 544 638 734 782 1203 1214 1342 1432 1519 1550 1576 1615 1688 1694
//3
12 450 461 480 491 518 527 601 634 654 691 784 799
//5
10 405 464 489 634 663 691 951 957 1051 1057
//3
20 280 291 315 327 351 362 395 409 452 480 496 506 523 532 558 568 576 585 659 665
//5
24 377 437 465 476 494 565 585 617 643 666 675 707 716 724 756 768 783 797 844 855 1042 1048 1485 1491
//3
42 15 30 76 88 112 124 142 178 204 214 222 231 240 267 285 294 303 322 339 357 367 395 412 422 431 439 449 476 494 504 513 541 559 568 586 596 622 633 641 651 730 736
//5
32 13 27 43 98 109 120 140 173 202 224 236 246 256 265 276 286 297 330 350 361 374 395 417 429 457 469 496 508 707 713 1037 1043
//6
12 457 463 761 773 786 804 821 841 856 862 890 896
//3
66 265 271 643 656 677 690 736 745 754 762 772 783 801 813 865 891 901 919 947 957 974 993 1003 1021 1031 1041 1059 1089 1115 1134 1144 1152 1161 1170 1179 1188 1198 1227 1245 1254 1264 1284 1302 1321 1331 1359 1379 1388 1397 1407 1417 1446 1463 1473 1483 1512 1531 1539 1558 1568 1596 1607 1615 1625 1706 2093
//4
18 82 92 222 232 309 317 382 491 503 512 523 627 638 752 809 877 1095 1101
//5
10 264 271 280 287 523 539 571 587 610 616
//4
32 442 448 448 453 532 565 589 663 773 810 849 904 968 1024 1085 1115 1174 1189 1262 1278 1293 1313 1368 1434 1710 1863 1899 2025 2106 2125 2168 2516
//5
10 116 305 557 583 593 600 769 780 830 851
//4
16 93 166 358 413 474 494 512 578 609 631 737 758 786 870 886 959
//4
20 410 421 558 576 610 626 650 668 688 700 799 820 894 909 933 948 977 993 1018 1321
//4
26 371 384 464 474 512 544 554 561 594 604 615 625 640 648 662 670 684 694 705 739 766 772 1215 1232 1359 1374
//5
12 367 470 517 523 819 825 988 1022 1046 1061 1090 1100
//3
12 242 256 265 284 446 461 481 495 511 529 541 552
//0
10 382 388 645 652 661 669 677 685 715 724
//5
10 279 300 690 698 706 712 865 890 920 935
//0
16 343 360 479 520 751 776 789 797 810 818 852 862 1082 1100 1165 1181
//3
10 103 123 444 463 548 573 606 628 645 660
//5
10 344 351 361 368 409 420 538 553 569 587
//0
12 0 6 446 453 466 474 699 706 730 758 769 788
//4
14 25 33 84 103 222 232 347 356 435 445 645 653 848 862
//4
30 59 65 214 260 307 330 355 380 421 441 523 547 586 610 645 671 690 714 734 756 770 788 1025 1053 1194 1218 1264 1272 1558 1578
//0
12 319 337 558 568 578 585 596 603 642 798 833 853
//4
10 447 462 526 539 931 946 1322 1332 1529 1535
//4
10 447 462 526 539 931 946 1322 1332 1529 1535
//2
18 197 204 419 429 600 972 1041 1048 1116 1123 1291 1298 1659 1667 1884 1893 1987 1993
//3
16 214 242 254 285 471 486 514 524 706 713 745 754 865 873 960 1055
//4
46 277 289 310 417 435 442 634 662 1092 1102 1117 1133 1173 1181 1189 1211 1225 1233 1246 1256 1265 1272 1279 1302 1309 1315 1323 1347 1370 1378 1385 1392 1402 1409 1415 1423 1435 1442 1449 1460 1468 1474 1480 1488 1586 1594
//5
14 370 737 806 822 940 1149 1260 1296 1488 1558 1703 1718 2025 2031
//6
14 15 21 45 53 78 85 509 675 902 940 1368 1505 1544 1558
//2
14 107 113 298 307 513 519 691 772 1057 1065 1140 1177 1271 1280
//3
16 78 103 353 359 661 684 728 737 840 855 1307 1322 1339 1345 1742 1748
//4
18 159 167 266 278 370 379 507 515 624 639 843 851 1082 1091 1254 1262 1327 1333
//5
24 146 265 311 506 570 695 934 945 966 976 1267 1275 1365 1416 1472 1911 1979 1991 2149 2163 2260 2271 2671 2677
//6
18 397 403 688 779 843 850 1086 1117 1145 1245 1459 1479 1537 1543 1797 1884 1913 1919
//8
10 327 351 376 386 470 495 609 898 1270 1276
//19
44 202 228 305 321 373 389 413 431 443 461 496 515 608 628 661 681 703 722 742 760 772 790 869 890 970 988 1136 1180 1592 1752 1821 1957 2008 2181 2241 2261 2416 2440 2616 2643 2906 2918 3038 3044
//0
16 288 302 364 377 486 497 796 803 812 820 1032 1043 1176 1213 1232 1265
//1
10 25 41 141 147 434 455 564 650 675 760
//2
16 375 385 560 930 998 1006 1073 1081 1250 1257 1619 1626 1843 1851 1947 1953
//3
20 173 203 215 222 228 244 432 450 475 486 636 646 667 675 706 716 827 837 996 1018
//4
44 239 251 272 278 284 379 394 401 593 621 622 626 678 685 695 715 730 737 751 761 770 777 784 806 813 819 828 851 890 897 907 914 921 929 940 948 956 967 974 980 986 993 1092 1100
//5
14 334 564 770 787 902 927 1099 1110 1225 1261 1454 1523 1536 1542
//6
14 428 434 458 467 491 498 923 1090 1317 1355 1382 1388 1502 1516
//6
14 428 434 458 467 491 498 923 1090 1317 1355 1382 1388 1502 1516
