//2
10 426 432 668 677 703 714 739 749 953 959
//3
30 407 413 612 625 637 675 686 724 738 751 785 802 813 824 836 850 862 900 937 950 963 1001 1038 1126 1164 1328 1366 1529 1563 1581
//4
10 256 282 293 323 329 430 460 466 697 830
//5
10 147 174 196 206 629 662 688 694 824 830
//3
36 267 439 498 510 522 562 573 612 626 638 675 691 702 716 728 742 754 795 832 845 859 898 909 923 935 976 987 1027 1067 1106 1116 1130 1142 1181 1272 1336
//5
34 34 40 210 224 238 281 292 335 349 364 402 421 432 447 461 474 488 531 572 587 600 644 655 670 682 726 738 767 1000 1051 1140 1146 1451 1457
//3
38 127 247 353 368 380 421 432 473 487 500 537 553 563 577 591 604 618 658 698 710 724 766 777 789 803 845 856 898 937 951 962 978 988 1002 1014 1385 1440 1580
//4
62 99 111 123 158 167 203 215 227 259 274 283 295 306 318 330 366 399 411 423 459 468 480 492 528 538 575 610 623 632 646 655 667 678 715 724 760 796 808 817 831 839 851 863 898 908 945 976 991 1000 1014 1022 1035 1046 1058 1068 1106 1139 1150 1160 1166 1383 1707
//5
46 31 43 56 99 114 129 170 189 201 214 229 243 257 303 345 360 375 419 433 446 460 506 517 563 609 624 635 652 664 678 692 738 749 794 839 854 867 884 896 911 926 972 1218 1224 1397 1403
//3
22 70 86 96 108 122 164 174 214 252 270 278 296 306 318 332 401 437 533 547 640 677 679
//3
28 236 251 265 308 319 362 375 389 429 446 456 471 485 498 513 555 595 609 624 666 677 691 706 745 749 750 790 801
//4
102 438 452 463 501 511 548 560 573 607 623 631 644 656 668 680 718 752 764 777 815 824 837 849 887 897 935 972 984 993 1008 1018 1030 1042 1080 1090 1128 1165 1177 1187 1202 1212 1224 1236 1274 1284 1322 1356 1372 1382 1397 1406 1418 1430 1442 1451 1491 1525 1537 1547 1587 1596 1608 1620 1657 1666 1704 1737 1752 1761 1776 1784 1821 1831 1846 1855 1869 1902 1940 1950 1964 1973 1985 1997 2033 2042 2057 2090 2127 2137 2151 2160 2172 2184 2220 2229 2266 2277 2289 2321 2337 2717 3066
//5
46 281 296 311 358 370 417 463 480 493 511 523 538 554 601 612 659 705 720 733 750 763 777 793 841 852 899 941 961 972 991 1002 1017 1032 1047 1058 1108 1151 1166 1178 1228 1239 1250 1490 1709 1716 1722
//3
40 367 373 632 644 655 673 684 697 711 753 764 807 851 864 875 893 904 918 931 973 984 1028 1066 1083 1095 1112 1123 1137 1149 1163 1174 1220 1258 1331 1342 1354 1369 1465 1504 1579
//4
10 22 38 76 83 326 335 342 359 426 432
//5
24 281 297 312 358 370 416 431 447 489 508 520 535 550 565 581 628 671 689 949 1179 1197 1611 1622 1628
//3
22 131 146 161 205 216 262 277 291 331 350 361 375 390 405 420 463 808 850 873 886 927 940
//4
102 321 333 346 385 395 434 446 460 495 511 521 534 546 559 571 610 646 659 672 711 721 734 747 786 796 836 874 887 897 913 923 935 948 987 997 1037 1076 1089 1099 1114 1124 1137 1150 1189 1199 1238 1274 1290 1300 1315 1324 1337 1349 1362 1372 1414 1449 1463 1472 1514 1524 1537 1550 1588 1598 1636 1671 1687 1697 1712 1722 1760 1770 1785 1795 1810 1845 1883 1893 1908 1918 1930 1942 1980 1989 2005 2040 2079 2088 2103 2113 2125 2137 2175 2185 2223 2234 2247 2281 2297 2691 3059
//5
44 51 78 125 141 153 172 185 201 217 265 278 326 371 390 403 422 434 450 465 482 494 546 589 606 618 670 682 697 711 761 772 820 864 882 895 914 926 973 985 1004 1016 1036 1311 1317
//5
44 51 78 125 141 153 172 185 201 217 265 278 326 371 390 403 422 434 450 465 482 494 546 589 606 618 670 682 697 711 761 772 820 864 882 895 914 926 973 985 1004 1016 1036 1311 1317
//3
22 124 135 150 161 202 213 287 295 304 329 344 352 361 386 401 409 424 432 455 463 471 479
//4
24 339 349 356 366 391 408 417 425 505 538 559 601 620 631 653 664 678 690 713 725 786 797 816 827
//3
26 11 22 44 56 80 109 169 179 187 195 204 230 246 255 263 290 305 313 330 339 363 373 380 389 459 465
//4
48 37 43 199 209 217 226 252 270 278 288 296 306 323 351 361 378 404 413 430 447 457 475 483 493 509 538 564 582 592 600 609 617 626 635 644 672 688 698 707 725 740 822 859 870 916 928 974 988
//6
10 20 26 283 289 560 592 605 614 730 736
//3
28 386 398 422 433 480 499 507 536 553 562 571 579 589 617 633 643 651 679 695 704 720 730 755 765 773 781 855 861
//4
64 344 350 548 558 566 576 601 620 629 638 647 657 674 702 712 731 757 767 783 803 812 830 839 849 866 895 922 941 950 959 968 976 986 994 1003 1032 1049 1058 1068 1087 1103 1122 1132 1161 1177 1187 1195 1204 1214 1243 1259 1269 1278 1308 1324 1334 1351 1361 1387 1398 1406 1416 1496 1587
//6
10 32 38 304 310 600 609 648 658 776 782
//3
40 139 151 167 181 197 211 236 249 266 276 285 295 352 362 372 392 408 428 438 467 485 494 503 512 521 550 568 578 586 615 633 641 659 669 695 706 715 724 801 807
//4
62 449 459 467 477 503 523 532 542 550 560 579 607 617 636 663 673 689 709 719 738 747 757 775 804 832 850 860 869 878 887 896 905 914 943 961 971 981 1001 1018 1038 1048 1077 1094 1104 1114 1122 1132 1161 1179 1188 1197 1227 1245 1254 1272 1282 1310 1321 1329 1339 1420 1657
//5
10 52 140 163 228 252 303 341 382 683 689
//6
10 453 459 738 744 795 1048 1061 1113 1243 1249
//3
44 405 455 513 527 552 612 641 662 672 682 692 702 712 721 731 761 780 790 800 820 839 859 868 898 917 926 935 945 955 985 1002 1012 1022 1052 1070 1079 1097 1107 1135 1146 1154 1164 1242 1248
//4
52 114 133 162 173 190 210 220 239 249 258 277 309 335 355 365 375 385 394 404 414 423 454 471 481 491 511 529 549 559 589 606 616 626 636 645 676 692 702 712 742 760 770 789 798 826 837 846 856 937 943 1285 1291
//5
12 123 192 213 227 251 263 301 317 330 342 342 348
//3
50 258 273 302 316 337 376 411 432 462 475 494 515 525 546 556 566 586 619 648 670 681 690 700 710 720 730 740 771 791 801 811 833 851 872 882 914 933 943 952 962 972 1004 1020 1031 1041 1073 1090 1100 1119 1128
//4
22 172 183 193 203 213 244 262 273 283 315 332 343 362 372 401 412 420 431 514 520 912 918
//3
44 136 165 248 261 269 282 314 336 347 358 369 380 401 435 447 469 500 512 531 553 563 586 596 607 627 661 691 713 724 734 744 754 764 773 783 816 836 847 857 881 899 921 931 963
//5
10 267 282 320 338 350 364 740 754 1009 1015
//5
10 267 282 320 338 350 364 740 754 1009 1015
//3
18 430 439 447 456 490 499 525 534 568 593 629 637 646 654 673 697 750 786
//2
10 116 122 145 153 194 204 232 325 376 382
//3
28 382 391 401 409 446 454 463 470 480 488 524 532 541 550 585 594 602 612 628 655 663 672 709 716 726 742 761 776
//4
28 15 21 407 416 657 665 674 682 716 724 732 740 749 757 791 798 806 814 847 855 864 871 888 911 920 928 961 969
//2
10 81 87 133 143 184 192 220 320 384 390
//3
32 351 360 370 378 415 424 432 441 451 459 497 506 514 523 561 569 579 587 606 632 641 650 687 694 704 720 740 758 767 776 784 793
//4
50 33 39 341 350 600 608 617 625 661 669 677 685 694 702 737 745 754 762 798 806 815 823 841 865 874 882 917 925 934 950 968 984 993 1001 1009 1017 1025 1033 1042 1057 1083 1108 1125 1133 1142 1166 1183 1191 1200 1206
//5
18 234 244 579 589 602 613 660 671 682 692 705 715 762 772 816 1146 1553 1559
//2
12 249 300 314 473 502 508 574 636 665 767 849 855
//3
38 26 34 306 316 326 334 374 382 392 400 410 420 458 466 476 485 524 532 542 551 571 596 606 615 654 662 672 691 710 726 737 744 754 762 772 781 791 797
//4
62 267 274 535 543 553 561 598 606 615 623 633 641 678 686 695 703 740 748 758 767 785 810 820 828 863 871 880 897 915 931 940 949 957 965 974 982 992 1008 1034 1059 1077 1085 1094 1119 1137 1145 1155 1188 1198 1206 1214 1222 1256 1264 1272 1288 1297 1305 1331 1339 1347 1355
//5
26 110 121 467 479 492 503 553 565 576 587 601 612 661 673 685 696 745 756 769 780 804 833 871 1089 1542 1548
//7
10 34 90 287 300 592 633 662 671 737 743
//3
36 13 20 301 310 321 329 370 378 388 396 407 415 455 463 473 482 522 531 541 550 570 598 608 616 656 664 674 692 712 729 739 748 757 766 776 784
//4
14 52 60 70 97 117 125 135 141 409 418 836 843 907 915
//4
62 207 215 484 493 503 511 549 558 567 575 585 594 632 640 649 657 695 703 713 721 740 767 777 785 823 831 841 859 877 894 904 912 921 929 939 947 957 974 1002 1028 1047 1055 1065 1090 1109 1117 1127 1161 1171 1179 1188 1196 1232 1240 1249 1266 1275 1283 1310 1318 1326 1335
//5
36 454 465 828 840 854 866 918 930 942 953 967 978 1030 1041 1055 1066 1118 1129 1143 1154 1179 1215 1228 1240 1290 1302 1315 1338 1390 1581 1700 1739 1997 2312 2339 2346
//3
38 436 445 732 742 753 761 803 812 822 830 841 851 892 900 910 920 961 970 981 991 1011 1039 1050 1058 1099 1107 1119 1136 1156 1174 1185 1194 1203 1212 1222 1231 1243 1249
//4
14 46 55 65 93 113 121 132 138 365 374 632 639 649 919
//4
14 46 55 65 93 113 121 132 138 365 374 632 639 649 919
