//5
12 183 198 213 261 273 323 338 354 397 419 483 489
//1
10 334 649 907 920 977 999 1196 1202 1640 1646
//3
30 107 145 159 182 232 290 304 325 340 358 375 432 446 504 521 540 591 615 874 914 945 963 971 1031 1074 1082 1110 1156 1188 1194
//4
86 166 178 190 231 241 255 267 309 320 362 403 417 427 445 455 468 482 525 536 578 620 635 645 661 672 686 699 743 753 796 835 853 864 881 892 906 920 934 945 992 1032 1047 1057 1104 1115 1129 1143 1187 1198 1242 1282 1301 1312 1330 1341 1386 1397 1415 1426 1443 1484 1529 1540 1558 1570 1585 1599 1645 1656 1675 1715 1761 1772 1790 1801 1816 1830 1876 1887 1933 1947 1963 2003 2022 2050 2056
//5
20 178 227 241 262 308 359 373 394 406 424 440 491 505 557 573 591 637 659 759 765
//3
28 9 33 48 71 85 143 158 180 194 216 270 326 343 364 380 395 417 471 481 508 520 574 632 657 666 690 697 703
//4
90 214 227 241 284 325 339 353 398 408 422 435 480 491 535 579 593 605 622 633 647 662 707 718 762 807 822 833 851 862 876 890 936 947 993 1035 1054 1065 1083 1094 1109 1123 1139 1150 1199 1241 1257 1268 1318 1330 1346 1360 1407 1418 1464 1506 1525 1537 1555 1567 1614 1626 1645 1657 1676 1719 1766 1778 1797 1808 1824 1839 1886 1897 1917 1960 2008 2020 2039 2051 2066 2081 2130 2141 2189 2203 2220 2263 2284 2322 2328
//5
26 228 282 295 315 329 345 364 416 430 452 501 556 568 591 603 622 639 694 708 764 780 799 848 871 1000 1006
//6
10 115 229 237 265 272 576 720 726 785 791
//1
10 179 185 476 488 514 527 566 581 843 849
//3
22 334 354 370 433 448 467 487 545 561 598 673 696 706 730 748 759 771 777 1033 1212 1364 1639
//4
98 173 187 229 247 259 274 288 302 316 362 404 420 434 481 492 507 522 568 579 626 672 687 699 718 729 744 759 806 818 866 913 928 940 959 971 987 1002 1051 1063 1110 1154 1174 1186 1205 1217 1233 1248 1264 1277 1328 1373 1389 1401 1453 1465 1481 1497 1546 1558 1606 1651 1671 1683 1703 1715 1763 1776 1795 1808 1827 1872 1921 1933 1953 1965 1981 1997 2046 2059 2079 2124 2173 2186 2204 2217 2233 2249 2299 2311 2361 2377 2393 2438 2456 2583 2599 2641 2647
//3
10 196 496 507 567 586 606 660 685 845 1198
//5
32 164 219 232 255 269 290 342 397 412 435 448 467 484 542 556 579 630 687 701 724 739 756 775 833 847 906 923 943 994 1019 1157 1163
//6
10 403 606 630 944 1238 1253 1561 1567 1658 1664
//1
14 132 247 274 583 872 883 903 917 969 980 1190 1196 1280 1286
//3
20 291 313 331 350 370 387 405 419 530 545 557 623 640 661 673 699 1032 1252 1613 1637
//4
96 192 239 254 270 313 332 343 359 374 390 404 452 496 512 527 576 588 604 620 669 681 730 778 794 806 826 839 855 870 920 932 982 1031 1047 1060 1080 1092 1108 1124 1174 1187 1236 1282 1302 1315 1335 1347 1363 1380 1396 1408 1462 1508 1525 1538 1592 1605 1621 1637 1688 1702 1752 1798 1819 1831 1851 1864 1914 1928 1948 1961 1980 2027 2078 2091 2111 2125 2141 2158 2208 2222 2242 2288 2339 2351 2369 2386 2399 2407 2462 2478 2489 2504 2510 2716 2722
//3
16 47 108 125 150 165 185 205 266 282 343 362 384 438 465 634 733
//3
16 47 108 125 150 165 185 205 266 282 343 362 384 438 465 634 733
//4
16 247 343 367 495 519 617 641 756 780 912 921 931 953 966 1258 1264
//4
18 226 326 350 483 508 612 636 755 780 808 854 917 926 936 961 973 1276 1282
//4
32 353 471 497 615 639 744 769 817 844 908 933 1001 1009 1019 1027 1038 1065 1093 1101 1112 1139 1166 1174 1185 1210 1239 1248 1259 1267 1276 1285 1291
//4
32 305 425 453 576 601 651 659 709 734 784 810 839 848 877 903 935 943 971 980 991 999 1012 1038 1067 1076 1086 1094 1104 1113 1119 1269 1275
//4
40 317 441 470 596 624 655 663 673 681 691 698 730 758 809 817 827 837 867 875 906 932 945 953 964 973 1002 1010 1022 1030 1043 1070 1101 1109 1120 1129 1138 1148 1154 1328 1334
//4
58 344 394 402 472 503 533 562 593 601 631 659 672 680 691 700 709 719 729 737 770 799 809 818 851 859 869 880 910 919 950 979 992 1000 1012 1020 1052 1060 1072 1080 1093 1121 1153 1162 1174 1182 1192 1203 1235 1243 1256 1285 1317 1325 1336 1346 1356 1401 1407
//4
68 266 336 367 398 427 459 468 499 531 562 571 582 592 623 632 663 692 706 714 727 735 745 755 765 773 809 838 849 857 893 901 911 922 955 963 995 1025 1038 1047 1059 1068 1099 1108 1120 1129 1142 1172 1205 1213 1226 1234 1244 1255 1288 1297 1310 1340 1374 1383 1397 1405 1415 1426 1459 1468 1501 1931 1937
//4
74 270 302 333 344 353 365 374 384 395 427 435 468 501 512 520 533 541 552 562 595 604 637 666 680 688 702 710 720 731 742 751 786 818 829 837 873 882 892 903 937 945 979 1010 1024 1032 1046 1054 1087 1096 1109 1117 1131 1161 1195 1204 1218 1226 1237 1248 1282 1290 1304 1335 1370 1379 1392 1402 1413 1424 1458 1468 1501 1512 1518
//4
76 288 299 308 321 330 341 352 385 395 429 462 473 482 494 503 514 525 559 569 603 633 647 656 669 678 689 700 711 719 756 788 800 809 846 854 865 877 911 920 955 987 1001 1010 1024 1033 1068 1077 1091 1100 1115 1146 1182 1191 1205 1214 1225 1237 1272 1281 1296 1328 1364 1373 1387 1396 1408 1419 1455 1464 1500 1511 1523 1555 1570 1958 1964
//4
74 243 276 284 295 306 340 350 384 418 431 439 453 463 473 485 519 529 564 596 610 620 633 642 653 664 676 684 722 755 767 776 815 824 836 848 884 893 930 963 977 986 1000 1010 1046 1055 1070 1079 1095 1127 1163 1173 1188 1197 1209 1221 1258 1268 1283 1316 1354 1363 1378 1388 1400 1412 1449 1458 1496 1508 1521 1554 1570 1972 1978
//5
10 196 247 258 309 325 342 388 410 819 825
//5
10 189 209 221 239 255 306 318 372 388 405
//5
10 11 65 82 99 149 171 286 292 683 689
//5
16 30 51 65 84 101 157 171 227 245 264 313 337 468 474 680 686
//5
20 37 60 111 167 182 204 220 237 256 313 328 386 403 423 474 499 646 652 671 677
//1
10 77 94 170 181 393 399 433 750 957 963
//5
26 456 477 492 512 531 589 604 628 680 740 755 779 794 813 832 889 904 963 982 1002 1054 1079 1178 1184 1552 1558
//6
10 287 596 904 918 1009 1020 1233 1239 1372 1378
//1
10 14 33 112 124 338 365 619 625 921 927
//1
10 14 33 112 124 338 365 619 625 921 927
//4
12 108 118 137 258 276 368 387 465 482 678 696 702
//4
14 72 83 244 338 355 435 453 556 573 651 668 754 773 779
//4
16 45 56 73 200 219 312 331 413 432 536 554 632 651 738 757 763
//4
14 453 463 482 609 628 726 746 827 846 954 974 1162 1182 1188
//4
22 411 422 442 511 593 691 711 794 815 923 942 1024 1043 1135 1156 1247 1267 1370 1388 1452 1469 1475
//4
20 362 373 393 526 547 586 668 753 774 885 905 988 1008 1103 1124 1216 1236 1427 1446 1522
//4
22 323 334 356 427 513 553 638 726 746 798 881 967 987 1084 1105 1156 1222 1272 1350 1416 1434 1512
//3
12 4 8 130 218 238 355 376 461 483 580 601 607
//4
24 271 283 305 378 464 504 590 679 701 817 838 925 945 1043 1065 1116 1184 1235 1315 1383 1402 1467 1771 1777
//3
12 440 482 569 660 681 800 821 911 931 1031 1053 1059
//4
22 245 256 278 352 440 482 570 662 684 737 824 913 935 988 1060 1112 1182 1234 1316 1339 1405 1411
//3
12 114 208 229 352 375 466 487 589 612 713 737 743
//4
34 243 255 276 318 360 419 440 483 525 549 572 665 688 744 752 793 831 856 880 921 942 965 973 996 1068 1090 1191 1214 1269 1290 1328 1351 1352 1356
//3
14 109 169 229 286 377 472 495 601 625 730 754 874 894 967
//4
36 229 241 263 272 280 306 348 406 429 471 481 539 562 621 678 736 744 785 823 849 872 914 937 961 968 992 1065 1088 1096 1119 1127 1166 1189 1213 1366 1372
//3
10 219 246 374 471 494 551 628 685 759 765
//4
40 206 217 240 250 258 283 326 386 409 453 462 522 546 606 664 689 697 721 729 771 811 836 860 903 926 950 957 981 990 1030 1054 1078 1086 1109 1118 1157 1181 1187 1369 1375
//3
16 285 313 355 383 408 453 477 502 545 588 615 675 751 861 903 909
//4
48 169 182 204 214 223 248 291 318 325 351 374 419 427 453 460 486 510 538 545 569 577 605 627 653 660 684 693 736 776 803 810 818 826 850 857 867 891 916 924 948 957 981 1022 1047 1054 1060 1356 1363
//4
48 169 182 204 214 223 248 291 318 325 351 374 419 427 453 460 486 510 538 545 569 577 605 627 653 660 684 693 736 776 803 810 818 826 850 857 867 891 916 924 948 957 981 1022 1047 1054 1060 1356 1363
