//4
18 274 290 337 356 372 490 537 557 640 726 772 856 871 886 902 1016 1062 1244
//5
58 52 163 199 386 424 488 500 591 630 671 708 747 758 798 834 852 863 878 889 901 915 984 1022 1036 1046 1090 1101 1115 1127 1169 1180 1223 1263 1280 1291 1309 1320 1361 1373 1389 1400 1417 1457 1501 1512 1530 1540 1555 1568 1613 1624 1642 1681 1727 1738 1754 1909 1915
//4
38 39 59 110 129 145 197 247 266 282 334 349 365 383 506 558 574 588 608 622 638 656 774 826 843 857 877 891 907 923 977 989 1040 1087 1110 1122 1141 1188 1192
//5
72 36 50 114 153 163 205 244 258 268 284 294 306 320 362 373 415 453 469 480 496 507 521 535 547 557 603 641 656 667 713 724 739 751 795 807 850 889 907 918 936 947 990 1001 1019 1030 1046 1087 1131 1143 1160 1171 1186 1201 1247 1258 1277 1318 1364 1376 1392 1405 1421 1437 1482 1494 1541 1555 1571 1613 1633 1684 1690
//4
18 371 391 439 494 506 529 576 628 642 662 676 692 711 830 845 864 907 930
//4
32 366 385 401 455 469 521 537 556 603 626 638 656 672 691 707 759 809 825 843 895 910 926 945 996 1011 1062 1114 1132 1144 1563 1602 1621
//5
44 163 178 194 208 245 257 277 292 450 495 534 553 564 582 593 637 649 666 679 696 738 784 796 814 826 841 856 903 914 934 976 1054 1068 1084 1099 1146 1158 1207 1222 1238 1280 1300 1367 1374
//4
40 381 545 556 562 759 777 791 850 865 881 900 953 967 1022 1070 1093 1105 1127 1139 1193 1208 1264 1311 1366 1378 1400 1412 1431 1447 1498 1512 1532 1581 1633 1645 1698 1715 1866 1915 1936
//5
40 177 191 229 271 286 298 312 354 393 407 422 464 475 490 505 548 559 604 647 662 673 690 702 715 730 776 787 833 876 891 902 920 931 946 961 1007 1019 1065 1107 1113
//5
18 29 41 95 111 163 182 590 712 727 775 788 836 852 869 912 935 1016 1022
//4
66 10 27 42 65 77 96 115 171 183 240 294 313 327 348 363 382 399 454 469 524 573 596 611 631 645 661 680 697 711 770 818 837 851 908 922 938 957 1009 1023 1077 1125 1145 1160 1180 1194 1246 1260 1280 1295 1314 1362 1416 1428 1449 1463 1479 1497 1548 1562 1583 1630 1682 1696 1716 1728 1734
//5
68 224 294 333 347 361 403 442 457 471 514 525 540 555 598 609 655 698 713 724 743 754 768 783 827 838 884 930 945 957 975 986 1001 1016 1062 1074 1120 1163 1182 1195 1212 1225 1240 1255 1271 1282 1334 1379 1395 1408 1460 1472 1488 1504 1554 1566 1616 1662 1682 1694 1714 1727 1777 1789 1809 1823 1843 1890 1941
//4
70 30 36 192 211 228 283 298 353 370 389 439 461 475 494 510 529 545 600 651 670 686 741 756 775 791 846 860 916 969 988 1003 1023 1038 1056 1073 1128 1142 1194 1249 1268 1280 1302 1316 1333 1352 1405 1420 1474 1522 1545 1557 1580 1594 1610 1629 1646 1660 1716 1767 1783 1797 1853 1868 1886 1902 1957 1969 2024 2071 2091
//5
68 347 361 376 420 433 479 523 538 551 568 581 596 611 658 669 716 759 778 792 810 823 838 854 869 883 935 979 997 1008 1063 1075 1090 1106 1156 1170 1221 1266 1287 1299 1319 1333 1384 1398 1418 1430 1450 1499 1551 1566 1586 1600 1616 1634 1686 1701 1722 1771 1826 1838 1861 1876 1892 1911 1967 1979 2037 2054 2070
//19
16 170 176 583 641 654 677 692 711 728 784 798 854 872 890 940 964
//0
22 279 294 422 437 478 495 508 521 535 550 565 611 653 668 683 730 741 757 772 820 833 839
//4
46 233 250 268 320 335 390 408 426 476 499 511 529 546 565 581 636 687 704 722 777 789 807 826 879 893 948 1002 1020 1034 1054 1068 1087 1103 1158 1172 1225 1279 1297 1310 1333 1345 1363 1379 1385 1690 1696
//5
58 213 228 293 309 347 361 810 830 844 859 875 891 905 957 1003 1021 1033 1088 1100 1118 1134 1185 1199 1251 1298 1321 1333 1354 1368 1422 1434 1457 1470 1492 1541 1596 1611 1631 1645 1664 1680 1736 1751 1775 1823 1882 1896 1917 1932 1951 1970 2027 2042 2101 2118 2138 2192 2217
//19
42 232 295 307 327 346 403 417 476 528 552 567 590 602 660 675 696 711 734 786 842 857 880 895 913 931 987 1001 1024 1075 1131 1146 1169 1184 1202 1220 1276 1290 1346 1365 1385 1434 1457
//19
42 232 295 307 327 346 403 417 476 528 552 567 590 602 660 675 696 711 734 786 842 857 880 895 913 931 987 1001 1024 1075 1131 1146 1169 1184 1202 1220 1276 1290 1346 1365 1385 1434 1457
//4
16 168 566 577 593 604 618 630 672 682 724 736 751 788 806 1225 1231
//5
50 66 78 90 125 135 171 183 195 228 243 277 289 302 339 373 385 397 435 445 458 470 508 518 556 594 607 616 631 641 653 666 704 714 752 790 804 814 830 839 852 864 905 915 954 990 1006 1016 1031 1109 1115
//4
44 407 422 433 480 491 505 519 564 575 619 658 677 688 706 717 759 771 787 798 815 855 897 908 924 934 948 962 1004 1014 1031 1069 1111 1121 1138 1148 1161 1175 1217 1228 1270 1282 1297 1334 1351
//5
96 119 130 142 179 189 226 238 252 286 301 311 322 334 347 359 397 433 445 458 496 506 519 532 571 581 621 661 674 684 699 709 722 735 774 784 825 864 878 888 904 914 927 941 982 992 1032 1069 1085 1096 1113 1123 1136 1149 1162 1172 1216 1254 1267 1277 1322 1333 1346 1359 1401 1411 1453 1491 1508 1518 1536 1547 1589 1600 1616 1627 1643 1682 1725 1736 1752 1762 1776 1789 1832 1842 1860 1898 1942 1953 1970 1981 1995 2008 2014 2152 2158
//4
60 263 279 292 310 322 337 351 398 410 457 502 518 529 548 560 575 589 636 647 692 734 753 764 782 793 808 822 837 848 896 937 952 963 1011 1022 1036 1051 1095 1107 1151 1190 1208 1219 1237 1248 1291 1302 1319 1329 1347 1386 1429 1439 1457 1467 1481 1494 1500 1855 1861
//5
80 143 183 194 235 274 288 298 314 325 338 351 393 403 444 484 499 509 525 536 550 562 604 615 657 695 712 723 740 751 764 777 791 801 846 885 899 909 955 966 980 993 1037 1046 1090 1128 1146 1156 1174 1185 1228 1239 1256 1267 1284 1323 1367 1378 1395 1406 1420 1434 1478 1489 1506 1546 1590 1601 1619 1630 1644 1659 1702 1713 1757 1771 1786 1825 1844 1999 2005
//6
16 241 259 310 330 382 401 417 476 528 548 567 663 679 784 960 966
//3
12 370 390 450 478 494 518 536 556 576 681 737 743
//4
16 216 260 271 289 300 315 329 373 384 429 442 457 497 515 961 961
//5
18 304 317 331 373 383 425 437 451 489 507 518 531 544 558 572 615 653 659
//3
18 397 651 721 745 769 843 912 936 961 1031 1050 1196 1358 1369 1415 1428 1655 1661
//4
56 75 91 106 154 167 215 231 248 293 313 325 341 357 373 389 437 482 498 514 563 575 590 605 652 666 714 761 777 790 808 820 835 850 897 909 956 1002 1018 1030 1048 1061 1076 1091 1138 1149 1195 1236 1254 1266 1284 1295 1310 1325 1340 1352 1401
//5
38 238 285 291 307 318 336 347 390 401 419 430 447 487 530 541 559 570 584 598 643 654 672 712 756 768 785 796 811 825 869 880 925 939 955 994 1013 1077 1083
//6
18 364 376 437 496 553 573 592 656 675 694 715 779 795 863 929 952 1198 1204
//3
14 125 186 255 276 295 323 339 363 386 537 597 783 1027 1038
//4
46 45 62 74 125 137 152 167 215 227 274 316 336 347 366 377 424 435 454 465 484 526 572 583 601 613 628 642 688 699 718 759 804 815 833 844 859 873 917 927 972 986 1002 1040 1059 1503 1856
//5
86 364 379 392 435 446 488 502 517 556 573 585 598 612 626 641 684 724 739 753 799 810 824 838 883 894 940 983 998 1009 1027 1038 1053 1067 1111 1123 1168 1213 1228 1239 1257 1268 1283 1297 1343 1354 1400 1442 1461 1472 1490 1501 1516 1530 1545 1556 1605 1647 1662 1673 1723 1734 1749 1763 1809 1820 1866 1907 1926 1937 1955 1967 2013 2025 2043 2055 2073 2115 2161 2173 2192 2203 2218 2233 2239 2662 2669
//3
18 136 422 450 527 551 625 653 677 747 776 799 820 845 869 897 970 1034 1040
//4
38 143 160 175 225 238 287 303 320 365 385 398 414 430 446 461 511 556 573 589 638 651 667 683 733 745 793 841 857 869 888 900 916 932 963 1346 1358 1417 1433
//4
38 143 160 175 225 238 287 303 320 365 385 398 414 430 446 461 511 556 573 589 638 651 667 683 733 745 793 841 857 869 888 900 916 932 963 1346 1358 1417 1433
//5
12 445 899 907 920 928 1138 1154 1175 1185 1191 1522 1528
//3
24 26 36 46 66 77 93 121 393 402 414 423 439 446 706 714 756 763 769 1011 1024 1058 1073 1098 1115
//4
28 424 483 490 551 559 612 641 652 659 669 678 724 764 777 784 844 851 874 881 890 897 930 938 952 960 970 1003 1009
//5
20 187 637 645 659 667 689 697 711 719 736 744 893 901 931 939 950 958 964 1007 1013
//4
20 439 620 651 663 671 682 689 706 714 723 731 743 750 759 767 800 808 864 871 877
//5
24 438 458 473 516 845 857 871 895 936 967 1395 1401 1437 1453 1462 1475 1483 1672 1681 1703 1713 1719 1940 1946
//3
10 170 208 217 243 251 529 536 605 614 620
//4
30 239 255 272 291 304 322 332 351 361 379 391 412 431 447 454 469 489 502 509 515 522 548 574 590 599 605 653 680 737 743
//5
10 426 432 467 512 520 725 735 764 773 779
//3
12 306 321 508 556 569 616 631 646 658 677 688 704
//5
26 449 466 480 503 515 570 621 642 656 677 692 747 761 776 1228 1249 1682 1688 1735 1748 1766 1778 1786 1990 1998 2004
//3
20 447 591 602 618 1043 1054 1063 1108 1116 1403 1412 1428 1437 1448 1457 1475 1483 1523 1532 1539
//4
24 188 274 297 307 340 352 360 394 401 457 464 486 493 504 512 553 560 570 604 618 645 699 708 714
//5
10 272 278 333 347 359 376 384 589 597 603
//2
10 412 426 434 764 1057 1068 1366 1372 1790 1796
//3
28 56 79 99 114 127 146 159 180 225 275 287 337 353 368 382 402 414 430 479 527 541 589 605 621 634 653 665 680
//5
32 41 64 76 100 115 171 188 210 225 249 301 360 375 432 452 471 486 550 900 916 966 985 1023 1046 1489 1495 1799 1811 1826 1838 1847 1853
//2
12 226 601 892 904 946 960 993 1004 1203 1209 1334 1340
//4
50 204 215 223 237 246 280 298 306 322 337 356 370 385 408 426 441 457 519 530 613 748 785 793 812 820 831 886 906 913 950 970 976 1006 1048 1056 1069 1076 1095 1103 1121 1130 1142 1149 1168 1176 1194 1202 1213 1221 1259
//4
50 204 215 223 237 246 280 298 306 322 337 356 370 385 408 426 441 457 519 530 613 748 785 793 812 820 831 886 906 913 950 970 976 1006 1048 1056 1069 1076 1095 1103 1121 1130 1142 1149 1168 1176 1194 1202 1213 1221 1259
//4
14 358 372 397 407 415 444 453 481 490 499 506 517 526 554
//5
10 258 399 428 551 580 888 1104 1110 1224 1231
//4
56 329 341 367 378 386 415 424 452 461 471 479 489 498 527 553 566 573 602 612 621 628 639 648 677 703 715 723 734 742 770 779 790 798 811 837 866 875 904 914 963 972 982 1008 1040 1048 1057 1067 1077 1084 1095 1103 1115 1141 1172 1180 1209
//5
16 221 362 392 518 548 626 637 917 942 956 1105 1111 1183 1312 1324 1330
//4
64 282 295 322 332 341 370 378 407 417 427 434 445 454 483 509 522 529 558 568 578 585 596 605 635 663 674 682 694 702 731 740 751 759 771 799 829 838 867 877 887 895 927 935 945 973 1006 1013 1023 1033 1042 1050 1061 1070 1082 1110 1140 1149 1179 1190 1240 1270 1300 1310 1316
//5
16 158 300 333 457 489 567 578 660 690 937 1100 1106 1342 1401 1410 1416
//4
58 234 248 274 284 294 323 331 362 371 381 389 401 408 439 465 479 486 516 526 536 544 556 564 595 623 636 644 656 665 695 703 715 722 734 763 793 801 832 842 851 860 893 901 911 940 973 982 991 1001 1011 1020 1032 1039 1052 1080 1111 1120 1126
//5
12 273 403 433 515 526 608 641 679 879 891 1105 1111
//4
48 187 201 227 237 247 278 286 316 326 336 345 357 365 397 425 437 446 476 487 497 504 516 524 556 584 596 605 617 625 656 664 677 685 698 726 757 766 796 807 817 826 860 868 879 908 944 1393 1399
//5
12 33 342 375 556 589 628 833 847 1105 1111 1199 1205
//4
46 136 150 178 189 199 230 239 270 281 290 299 311 320 352 380 394 403 433 444 454 463 475 483 516 546 559 567 580 588 620 629 641 649 663 692 725 734 766 777 787 796 831 840 850 880 886
//5
12 145 494 531 618 787 801 1103 1425 1441 1566 1575 1582
//4
48 89 104 133 144 154 187 196 228 238 249 258 270 279 312 341 355 363 396 407 418 426 439 448 481 512 524 533 546 555 588 597 609 618 631 663 696 704 737 748 758 768 805 813 825 856 893 901 911
//5
16 261 448 484 625 819 831 864 874 1138 1144 1445 1567 1579 1629 1638 1645
//4
66 46 60 89 101 111 145 154 187 198 208 218 230 240 274 304 318 327 361 372 383 391 405 414 449 479 493 502 515 525 558 566 580 589 602 634 668 677 711 722 733 743 780 788 801 833 870 880 891 902 913 922 936 945 959 991 1026 1035 1070 1083 1094 1103 1116 1126 1136 1436 1879
//5
16 207 400 434 584 621 660 862 873 908 919 1110 1505 1532 1656 1665 1671
//3
12 159 176 213 227 292 330 344 436 473 539 553 559
//4
88 434 448 478 490 500 534 543 577 588 599 608 622 630 665 696 710 719 753 764 775 784 797 806 841 873 887 895 909 919 953 962 975 984 998 1030 1065 1075 1109 1120 1132 1141 1179 1189 1200 1233 1271 1281 1292 1303 1315 1324 1338 1347 1361 1393 1430 1440 1476 1488 1499 1509 1522 1531 1543 1579 1616 1624 1661 1674 1686 1694 1708 1718 1730 1767 1804 1812 1849 1862 1873 1882 1918 1931 1943 1976 1982 2311 2317
//5
26 233 324 361 429 441 482 493 508 546 588 599 641 656 668 680 696 707 717 898 942 993 1003 1279 1285 1667 1673
//5
26 233 324 361 429 441 482 493 508 546 588 599 641 656 668 680 696 707 717 898 942 993 1003 1279 1285 1667 1673
