//5
20 52 94 136 178 189 202 216 259 269 314 356 370 381 397 408 422 435 441 583 589
//5
28 60 103 146 192 203 217 232 275 287 332 378 393 404 421 434 449 463 510 522 568 610 628 641 660 961 967 1036 1042
//3
20 57 311 323 340 351 366 380 395 406 453 492 507 518 564 575 589 601 697 736 1156
//5
32 130 145 187 202 217 264 277 324 371 386 398 417 429 445 462 510 524 571 615 636 649 669 681 697 715 731 743 797 1123 1129 1473 1479
//3
22 120 139 151 166 182 228 239 285 326 343 355 372 383 398 413 427 438 485 524 539 550 556
//5
40 111 124 170 185 200 248 261 309 359 375 389 408 420 436 454 503 517 567 614 634 648 668 682 698 714 732 744 800 850 868 881 937 952 970 986 1001 1250 1256 1458 1464
//3
34 117 373 385 401 416 465 476 524 571 587 599 616 629 644 659 704 716 761 802 821 832 850 861 875 889 904 915 962 1003 1073 1084 1098 1112 1118
//5
40 457 517 802 818 832 851 866 882 898 952 963 1015 1065 1085 1099 1119 1133 1149 1168 1185 1199 1258 1306 1326 1340 1400 1414 1431 1450 1506 1521 1577 1628 1653 1667 1678 1959 1965 2378 2384
//3
40 266 563 575 592 609 660 672 723 773 789 801 822 834 850 865 913 926 973 1020 1035 1047 1065 1077 1093 1109 1154 1168 1213 1254 1273 1284 1301 1314 1328 1341 1356 1367 1413 1705 2066
//4
102 102 118 133 181 192 241 257 273 316 336 348 363 378 394 410 458 503 519 535 584 596 612 628 677 688 737 785 801 813 832 844 860 875 923 934 983 1031 1047 1058 1077 1089 1105 1120 1168 1180 1227 1270 1289 1301 1320 1332 1348 1362 1378 1389 1440 1483 1499 1511 1562 1574 1590 1605 1652 1663 1710 1752 1771 1782 1801 1812 1859 1870 1889 1900 1919 1961 2008 2019 2038 2049 2064 2077 2123 2134 2153 2194 2240 2251 2269 2280 2295 2308 2354 2365 2411 2425 2440 2479 2498 2503 2504
//5
40 229 246 284 295 557 578 592 615 627 646 665 682 697 757 808 827 842 903 918 937 954 1013 1028 1086 1140 1164 1179 1203 1218 1276 1294 1318 1333 1357 1413 1443 1728 1734 1895 1901
//3
10 193 208 221 267 278 323 363 382 393 722
//5
20 209 228 244 298 310 329 347 471 527 547 559 582 597 616 633 692 707 764 1098 1104
//3
40 199 218 266 288 301 319 336 354 370 424 472 488 506 558 571 588 604 655 668 718 768 784 797 817 829 845 862 910 922 971 1018 1033 1044 1063 1075 1090 1105 1152 1163 1169
//4
102 93 111 126 174 186 235 251 267 312 332 344 360 376 393 409 457 502 518 534 584 596 612 628 678 690 740 788 804 817 837 849 865 881 930 942 991 1039 1055 1067 1086 1099 1115 1130 1178 1190 1238 1282 1301 1314 1332 1344 1360 1376 1392 1403 1455 1499 1515 1526 1578 1589 1605 1621 1669 1680 1728 1771 1790 1802 1821 1833 1880 1892 1910 1923 1940 1983 2031 2042 2061 2072 2087 2102 2149 2160 2180 2221 2268 2279 2297 2309 2324 2339 2384 2397 2442 2456 2472 2513 2532 2542 2548
//5
36 434 446 488 504 799 818 833 897 912 930 949 1009 1024 1085 1140 1164 1180 1204 1219 1281 1298 1323 1339 1363 1419 1483 1499 1523 1540 1561 1581 1645 1661 1689 2010 2016
//3
30 345 365 377 396 408 424 439 456 467 518 560 576 587 637 648 663 678 724 735 779 820 838 849 866 877 950 960 976 1017 1165
//5
28 187 206 223 310 329 456 512 531 546 568 583 602 621 680 693 752 812 832 847 871 886 906 926 986 1002 1063 1407 1413
//3
36 18 37 55 110 123 178 196 214 264 285 299 316 334 351 369 421 470 487 503 557 569 586 603 654 666 717 767 783 796 816 827 843 859 908 1183 1194
//3
36 18 37 55 110 123 178 196 214 264 285 299 316 334 351 369 421 470 487 503 557 569 586 603 654 666 717 767 783 796 816 827 843 859 908 1183 1194
//4
12 367 449 469 578 598 681 701 800 820 949 968 979
//4
12 382 462 481 593 613 696 716 816 836 968 988 999
//4
10 376 458 478 588 608 815 835 967 986 997
//4
10 371 453 473 583 603 808 829 960 980 991
//4
10 240 434 454 564 584 788 808 939 959 970
//4
10 424 503 523 629 648 847 867 994 1013 1024
//4
12 429 509 528 637 656 739 759 856 877 1006 1026 1037
//4
14 339 431 450 532 551 661 681 764 784 884 904 1035 1054 1065
//4
16 228 320 340 435 455 538 558 668 690 774 794 894 914 1046 1066 1077
//4
14 228 323 343 439 459 542 562 672 695 780 802 903 923 929
//4
12 219 312 335 431 451 535 557 669 691 778 799 805
//4
12 445 641 662 758 781 877 897 983 1003 1117 1140 1146
//4
12 443 511 531 641 661 757 781 878 900 985 1007 1015
//4
10 249 340 360 451 470 549 569 679 698 707
//4
10 455 531 550 655 675 756 776 869 889 895
//3
20 339 353 364 380 391 405 419 461 471 512 550 566 577 593 603 616 629 695 732 1172
//5
14 386 519 578 598 613 637 652 671 691 746 957 963 1027 1033
//3
40 449 495 539 554 565 584 595 610 624 668 678 723 766 781 792 808 819 833 847 889 900 942 980 996 1006 1023 1034 1047 1061 1074 1084 1129 1166 1179 1244 1258 1270 1361 1396 1615
//5
22 338 471 531 551 567 594 606 626 649 709 725 788 844 872 888 912 930 950 1190 1196 1487 1493
//5
22 338 471 531 551 567 594 606 626 649 709 725 788 844 872 888 912 930 950 1190 1196 1487 1493
//2
12 398 847 1103 1119 1167 1177 1468 1572 1624 1872 2023 2029
//3
10 50 64 74 87 119 156 166 201 212 223
//4
12 71 82 89 118 126 444 452 476 484 496 528 534
//5
14 369 393 444 464 480 498 622 961 971 1145 1154 1160 1392 1398
//2
12 188 207 237 246 599 619 666 754 773 888 903 909
//2
10 112 124 374 388 449 554 574 679 735 741
//3
26 207 245 257 269 278 320 330 342 378 417 427 438 452 463 473 488 496 511 546 582 591 628 640 653 661 667
//4
10 418 427 435 452 460 470 480 859 867 873
//5
24 196 220 272 292 312 371 386 446 466 486 501 525 540 583 736 742 783 798 808 829 837 843 940 946
//2
20 455 729 1018 1037 1071 1080 1303 1359 1451 1542 1561 1578 1629 1684 1700 1719 1837 1847 1984 1990
//2
28 166 172 452 462 482 506 542 552 732 800 816 840 904 973 993 1013 1037 1057 1073 1101 1117 1141 1201 1262 1281 1341 1504 1510
//3
46 196 236 249 263 273 289 299 340 377 394 404 420 430 470 480 496 507 523 560 601 611 650 663 675 686 728 738 751 787 829 839 853 865 877 887 902 912 927 963 1001 1011 1049 1062 1074 1084 1100
//5
36 60 511 563 586 602 666 682 742 763 782 797 825 841 902 961 987 1004 1066 1089 1106 1124 1148 1164 1188 1446 1457 1471 1483 1832 2215 2235 2358 2370 2389 2404 2410
//2
24 11 59 239 255 276 294 310 334 353 369 433 492 508 567 587 679 699 715 769 825 844 860 1022 1028
//4
12 445 468 476 495 503 515 523 909 917 987 994 1000
//8
22 70 91 131 145 164 179 186 193 233 245 257 271 500 517 525 537 544 620 627 651 658 664
//2
28 408 414 788 799 823 839 1056 1107 1131 1154 1174 1248 1267 1291 1356 1429 1449 1470 1493 1514 1533 1557 1577 1605 1666 1729 1888 1894
//3
64 204 223 262 278 291 336 347 391 405 419 430 447 458 502 542 559 571 614 626 641 652 669 681 724 762 778 789 806 817 859 869 885 896 913 952 994 1005 1047 1060 1074 1084 1128 1138 1153 1191 1235 1244 1258 1272 1284 1294 1310 1320 1338 1375 1415 1426 1467 1479 1493 1503 1519 1529 1542
//5
36 104 122 138 162 178 245 303 331 347 412 435 456 474 499 518 584 647 672 688 716 732 801 819 844 863 891 1127 1138 1580 1947 1957 2143 2151 2163 2181 2187
//5
36 104 122 138 162 178 245 303 331 347 412 435 456 474 499 518 584 647 672 688 716 732 801 819 844 863 891 1127 1138 1580 1947 1957 2143 2151 2163 2181 2187
//4
14 75 343 370 475 500 641 667 775 800 926 952 1096 1142 1155
//4
14 329 732 761 884 911 1017 1045 1190 1216 1326 1351 1357 1575 1698
//5
10 239 363 394 541 570 746 757 771 801 817
//3
10 23 57 149 195 286 302 339 513 549 555
//4
100 8 10 30 61 70 103 113 124 153 167 175 185 196 206 217 250 279 290 301 334 343 354 364 397 405 439 471 482 491 504 512 523 534 567 577 611 644 655 663 677 686 696 708 742 750 784 815 828 837 851 859 870 881 938 969 980 989 1025 1034 1045 1056 1090 1100 1134 1165 1178 1187 1200 1209 1243 1252 1265 1275 1289 1319 1353 1363 1376 1385 1395 1406 1440 1450 1465 1495 1530 1538 1552 1560 1572 1584 1618 1626 1661 1672 1684 1714 1729 2097 2103
//5
14 259 386 419 573 606 689 701 738 748 786 797 809 842 859
//3
16 340 353 364 410 449 464 475 521 532 547 559 655 693 847 885 1059
//4
102 49 60 70 102 111 144 155 166 195 209 219 228 240 251 262 295 325 337 347 381 390 401 412 445 454 488 522 533 542 555 564 575 586 620 629 663 697 710 718 732 740 751 762 797 805 841 871 885 894 908 917 928 939 950 959 995 1027 1039 1048 1085 1093 1105 1116 1151 1159 1195 1225 1240 1249 1262 1271 1305 1315 1328 1337 1351 1383 1418 1428 1441 1451 1462 1473 1508 1517 1532 1563 1599 1608 1621 1630 1641 1652 1687 1696 1732 1743 1755 1786 1801 2173 2179
//5
22 15 75 85 96 109 144 154 169 202 240 250 265 275 286 299 338 346 387 398 412 446 462
//3
10 404 419 605 624 636 737 1040 1086 1247 1253
//3
34 62 183 191 197 602 615 630 673 685 730 769 788 799 815 827 840 855 869 880 926 964 979 989 1035 1046 1058 1072 1114 1125 1167 1205 1221 1231 1357
//4
102 69 80 91 125 135 168 179 190 220 234 243 254 265 276 287 321 353 364 375 409 419 430 441 476 485 521 555 566 574 588 598 609 620 655 664 699 734 745 754 767 777 788 799 834 843 877 909 923 933 946 955 966 977 988 997 1035 1067 1079 1088 1126 1134 1146 1158 1193 1202 1237 1269 1284 1293 1307 1316 1351 1360 1374 1383 1397 1430 1465 1474 1488 1496 1507 1519 1553 1563 1578 1610 1646 1656 1669 1678 1689 1701 1737 1747 1782 1793 1807 1839 1855 2232 2238
//5
28 235 246 288 300 544 559 569 580 592 630 640 656 692 730 741 756 766 778 792 831 842 881 895 907 943 960 1393 1399
//0
10 174 324 361 515 548 609 621 685 719 783
//3
36 416 430 445 489 503 547 592 607 618 637 648 663 675 721 732 777 816 834 845 861 873 885 900 915 925 972 1011 1025 1036 1082 1093 1107 1120 1162 1174 1214
//4
102 89 100 111 145 155 189 200 212 242 257 266 277 288 299 310 344 376 388 400 435 445 456 467 502 511 547 581 592 602 616 624 636 648 683 692 727 763 774 784 797 807 818 831 866 876 911 943 958 968 981 990 1001 1013 1025 1033 1072 1105 1118 1126 1165 1174 1185 1197 1233 1243 1278 1311 1326 1336 1350 1358 1394 1403 1417 1427 1442 1475 1511 1520 1534 1544 1556 1567 1603 1611 1626 1659 1696 1705 1719 1729 1740 1752 1788 1798 1835 1846 1858 1890 1906 2290 2296
//5
18 234 250 286 325 336 351 361 375 387 428 439 480 492 507 544 561 1012 1018
//8
18 375 381 820 838 876 919 930 948 959 971 986 1028 1039 1081 1093 1107 1144 1150
//0
32 249 332 369 429 441 478 488 526 560 575 585 600 610 622 634 647 655 697 734 746 756 798 808 820 834 872 882 923 958 975 1236 1242
//0
32 249 332 369 429 441 478 488 526 560 575 585 600 610 622 634 647 655 697 734 746 756 798 808 820 834 872 882 923 958 975 1236 1242
//4
12 197 203 459 474 491 508 523 542 549 578 598 604
//5
16 111 136 177 218 227 331 415 464 476 503 511 559 565 850 887 893
//6
16 291 306 318 324 404 514 537 550 591 660 667 696 703 709 733 739
//4
14 381 669 747 817 954 1025 1060 1070 1135 1155 1196 1202 1233 1239
//2
10 265 274 308 318 342 351 506 512 793 799
//5
12 434 512 554 570 904 914 1366 1372 1376 1382 1491 1497
//3
16 398 416 425 443 477 483 515 527 558 576 602 617 991 1038 1111 1189
//4
28 290 317 422 433 440 448 456 482 489 511 518 563 570 623 631 661 668 713 719 726 733 773 817 853 860 966 980 986
//5
18 412 431 442 489 534 552 565 611 908 935 982 999 1026 1038 1425 1431 1459 1465
//3
10 90 102 454 500 516 530 541 560 633 727
//5
24 432 480 494 542 588 607 620 667 685 701 713 732 1052 1069 1124 1137 1560 1965 1973 1987 1994 2000 2396 2402
//2
10 160 170 207 218 246 255 427 433 788 794
//3
14 287 302 348 363 377 393 406 422 468 574 589 663 707 725
//5
26 418 469 483 535 581 601 616 667 683 699 712 732 746 798 1103 1163 1177 1193 1243 1255 1643 1649 1663 1669 1905 1911
//4
14 38 83 98 115 125 141 151 166 239 245 430 544 556 562
//3
24 195 210 225 241 252 270 282 301 343 390 401 447 462 477 488 507 518 533 579 626 637 683 699 718
//5
28 451 467 482 503 517 573 623 643 658 713 729 748 763 783 798 851 902 922 937 960 973 987 1272 1285 1337 1343 1541 1547
//2
10 48 58 88 99 137 152 344 350 409 415
//3
32 431 472 486 502 514 565 576 591 636 685 698 714 729 744 756 775 786 805 848 894 906 953 970 984 996 1013 1027 1042 1089 1136 1148 1171
//3
32 431 472 486 502 514 565 576 591 636 685 698 714 729 744 756 775 786 805 848 894 906 953 970 984 996 1013 1027 1042 1089 1136 1148 1171
//5
18 95 201 229 372 399 509 537 566 616 668 694 725 880 908 923 929 1160 1166
//5
36 401 524 552 661 686 835 861 975 1003 1033 1084 1114 1123 1135 1163 1195 1203 1216 1224 1234 1245 1275 1284 1315 1325 1336 1364 1378 1701 1803 1810 1842 1850 1856 2057 2063
//5
38 405 532 560 672 700 853 879 953 962 995 1024 1056 1064 1077 1085 1095 1105 1135 1144 1158 1187 1218 1228 1240 1249 1259 1270 1301 1310 1343 1354 1365 1394 1409 1763 1844 1851 1857
//4
10 387 398 428 443 808 893 900 921 936 942
//5
56 217 345 376 508 536 589 598 650 679 752 763 794 803 835 864 876 886 897 907 938 947 959 969 981 1012 1044 1053 1066 1074 1084 1095 1128 1136 1150 1179 1213 1222 1235 1243 1253 1264 1297 1307 1341 1351 1362 1392 1407 1776 1855 1863 1889 1904 1910 2011 2017
//4
20 224 238 269 304 313 326 336 347 358 393 402 438 449 461 492 508 882 1008 1015 1021
//5
56 224 358 390 442 452 526 555 610 621 674 705 761 769 780 791 824 834 867 896 910 918 932 942 973 983 996 1005 1019 1049 1083 1092 1106 1114 1125 1136 1170 1179 1194 1224 1259 1267 1281 1290 1301 1312 1346 1356 1390 1401 1414 1445 1460 1840 1960 1974 1980
//3
12 316 331 444 460 542 557 573 687 731 913 959 1070
//4
34 439 473 482 496 506 520 552 588 597 611 620 631 643 678 687 702 734 770 779 793 801 814 825 860 869 906 917 929 961 977 1362 1480 1498 1504
//5
66 254 287 362 416 427 460 470 503 533 547 555 569 577 587 598 610 618 655 685 696 705 742 751 762 774 808 817 852 882 896 906 919 929 963 973 986 995 1009 1042 1076 1086 1099 1108 1119 1131 1166 1176 1191 1222 1258 1268 1281 1290 1301 1313 1348 1358 1394 1405 1417 1450 1466 1859 1964 1997 2003
//3
18 291 311 325 345 357 375 391 406 418 473 520 538 550 605 653 770 813 1003
//4
48 228 239 248 286 295 307 319 355 364 400 433 448 457 471 481 517 526 540 550 564 598 634 644 658 667 679 691 728 737 753 785 822 831 846 856 868 880 917 927 964 975 988 1021 1038 1432 1543 1558 1564
//5
70 370 382 391 405 413 424 436 470 480 514 546 559 568 582 590 601 613 624 632 670 702 714 723 761 770 781 793 829 839 874 907 921 931 945 954 990 1000 1014 1024 1039 1073 1110 1120 1134 1144 1155 1168 1204 1214 1229 1262 1299 1309 1323 1333 1344 1356 1393 1403 1441 1452 1466 1499 1515 1921 2009 2018 2036 2061 2067
//5
10 222 232 262 298 309 365 395 408 419 453
//3
22 198 249 264 315 362 385 397 417 433 451 467 483 498 553 600 619 634 690 702 857 904 927
//4
60 29 64 96 112 121 136 146 158 170 182 190 231 265 277 286 327 337 349 361 398 408 446 480 495 505 520 529 567 577 592 602 617 651 689 699 714 723 735 747 785 795 811 845 884 893 908 918 930 943 981 991 1029 1041 1055 1089 1105 1510 1621 1639 1645
//5
66 436 447 460 496 506 543 576 591 601 614 624 635 648 659 669 708 742 754 764 805 814 826 838 875 885 923 957 972 982 997 1006 1043 1053 1068 1078 1093 1127 1165 1175 1190 1200 1212 1225 1263 1273 1289 1323 1361 1372 1387 1397 1409 1422 1461 1471 1510 1522 1536 1571 1588 2005 2098 2105 2127 2149 2155
//5
20 203 214 246 281 294 305 316 351 384 396 408 442 452 463 474 511 521 556 592 602
//3
34 135 221 230 236 638 654 668 689 703 721 738 792 804 859 910 931 945 965 980 996 1014 1030 1045 1101 1152 1171 1183 1241 1256 1272 1288 1343 1357 1408
//3
34 135 221 230 236 638 654 668 689 703 721 738 792 804 859 910 931 945 965 980 996 1014 1030 1045 1101 1152 1171 1183 1241 1256 1272 1288 1343 1357 1408
