//3
22 410 425 467 481 813 828 874 890 937 987 999 1049 1061 1139 1154 1172 1215 1262 1277 1355 1397 1403
//4
76 190 205 238 348 359 442 475 537 550 633 667 805 840 924 938 999 1009 1021 1057 1096 1106 1117 1131 1143 1153 1167 1177 1193 1227 1265 1276 1314 1326 1338 1348 1363 1373 1385 1424 1462 1472 1510 1522 1534 1544 1559 1570 1582 1621 1660 1671 1709 1721 1734 1744 1782 1794 1808 1843 1881 1895 1906 1920 1932 1942 1958 1992 2006 2017 2055 2065 2103 2116 2128 2205 2211
//3
22 232 247 313 324 597 612 657 705 719 767 785 863 911 958 972 1019 1038 1114 1164 1211 1379 1489
//4
90 341 357 390 404 415 498 510 596 630 694 706 744 754 792 826 841 851 866 876 938 948 963 997 1035 1046 1084 1098 1110 1120 1159 1169 1183 1217 1258 1268 1279 1293 1305 1315 1330 1339 1355 1391 1429 1439 1477 1490 1502 1512 1527 1537 1549 1587 1626 1636 1676 1688 1700 1710 1725 1735 1749 1787 1826 1837 1876 1889 1901 1911 1950 1963 1978 2012 2051 2065 2077 2091 2103 2113 2129 2165 2178 2192 2230 2240 2279 2290 2304 2385 2391
//3
20 25 41 121 139 183 238 250 268 284 367 413 461 475 523 539 589 667 872 918 966
//4
94 33 49 82 96 107 145 155 193 205 292 326 342 351 389 403 490 524 539 549 564 574 612 622 637 646 663 698 736 746 784 797 809 819 861 871 883 920 960 970 984 996 1009 1018 1033 1043 1059 1095 1133 1144 1182 1196 1208 1218 1233 1243 1257 1295 1334 1345 1384 1398 1410 1420 1436 1446 1460 1498 1538 1548 1588 1600 1613 1623 1662 1674 1688 1724 1763 1776 1788 1800 1813 1824 1840 1875 1889 1903 1942 1953 1991 2004 2017 2102 2108
//5
12 445 816 859 955 970 1013 1024 1039 1081 1127 1138 1181
//3
24 344 362 440 458 472 492 538 589 601 651 667 750 764 780 826 878 924 1006 1049 1159 1174 1252 1299 1305
//4
100 170 186 219 233 244 282 292 330 343 355 365 380 390 428 462 478 488 526 540 552 562 627 662 677 687 702 712 750 760 775 786 802 838 876 887 925 939 951 961 1003 1013 1026 1063 1105 1115 1127 1141 1153 1163 1178 1188 1204 1240 1279 1290 1328 1342 1354 1364 1379 1389 1403 1441 1480 1491 1532 1544 1558 1568 1584 1594 1606 1644 1685 1695 1734 1748 1760 1770 1811 1823 1837 1873 1913 1925 1939 1951 1965 1975 1991 2027 2040 2054 2092 2102 2141 2154 2166 2255 2261
//3
14 246 259 325 343 377 388 686 701 744 790 806 821 930 1099
//5
16 93 248 287 387 399 471 514 614 629 673 684 699 745 789 803 809
//3
20 206 226 309 359 374 425 472 491 503 522 600 619 631 650 697 808 826 937 983 1161
//4
102 287 305 339 351 364 402 412 450 462 476 487 502 512 551 585 601 611 651 663 674 684 699 709 747 784 799 809 824 834 873 883 898 907 923 958 998 1009 1047 1059 1073 1083 1125 1135 1148 1185 1227 1237 1249 1262 1274 1284 1299 1309 1325 1362 1401 1412 1451 1465 1477 1487 1502 1512 1526 1565 1606 1616 1655 1668 1681 1691 1706 1716 1730 1768 1809 1820 1859 1872 1884 1895 1935 1948 1962 1997 2037 2049 2063 2075 2089 2099 2115 2151 2164 2178 2217 2228 2268 2281 2295 2383 2389
//3
14 106 117 190 209 549 564 614 661 739 939 955 1033 1075 1081
//4
22 152 167 182 351 452 498 528 588 624 667 702 748 790 836 875 918 960 1003 1040 1087 1294 1300
//5
16 179 338 377 564 609 652 664 709 725 770 782 797 840 886 900 939
//3
20 89 140 159 175 189 209 223 274 318 341 420 535 581 636 648 765 809 922 937 943
//3
16 399 405 463 477 507 521 830 846 924 974 986 1036 1051 1129 1176 1182
//5
20 308 471 510 611 626 699 742 788 800 846 862 935 981 1028 1040 1087 1102 1117 1128 1134
//5
20 308 471 510 611 626 699 742 788 800 846 862 935 981 1028 1040 1087 1102 1117 1128 1134
//3
12 102 108 432 449 457 495 504 794 801 807 1084 1332
//4
30 343 355 363 373 381 410 417 441 449 500 508 524 557 624 632 638 873 884 891 923 930 943 950 966 998 1007 1015 1028 1049 1055
//5
14 67 185 197 215 263 314 329 380 396 407 718 725 1165 1171
//3
26 70 94 104 110 489 503 540 555 572 587 622 634 643 657 671 683 694 712 750 765 780 820 831 874 886 901
//5
26 45 128 174 292 308 323 337 357 371 387 438 490 504 556 575 591 605 625 639 655 705 711 1032 1038 1122 1128
//4
40 210 324 331 343 351 376 385 410 417 489 496 514 523 538 547 553 841 853 861 884 892 922 930 955 963 970 977 994 1002 1010 1018 1035 1043 1050 1082 1094 1101 1124 1340 1346
//3
46 411 426 450 467 519 534 554 560 605 620 631 648 659 673 719 762 775 818 833 847 859 875 886 901 944 990 1001 1044 1058 1073 1084 1127 1142 1156 1195 1238 1252 1267 1279 1321 1359 1374 1388 1483 1495 1510
//4
22 163 177 195 210 244 259 323 337 375 390 407 422 461 476 492 507 544 558 623 638 849 855
//5
36 71 125 173 189 203 223 238 258 305 357 372 426 442 457 472 493 507 525 577 632 644 699 718 734 749 769 784 801 855 911 926 979 1307 1313 1538 1544
//3
16 385 402 411 427 470 798 807 823 832 845 855 1222 1231 1242 1249 1255
//4
10 387 465 473 481 490 506 513 520 553 559
//5
20 246 301 380 436 486 538 550 568 828 839 873 893 930 941 957 971 1355 1361 1570 1576
//3
62 95 114 156 203 214 260 275 290 301 351 362 378 420 469 480 495 510 524 536 552 564 582 624 668 681 725 740 755 766 783 794 808 853 896 908 952 967 980 991 1009 1020 1035 1078 1121 1132 1177 1189 1203 1214 1257 1271 1286 1324 1366 1380 1392 1406 1448 1486 1501 1514 1751
//4
58 439 457 495 510 522 566 577 620 633 647 658 676 687 730 769 787 798 841 855 869 880 897 908 951 991 1007 1018 1036 1046 1089 1100 1117 1128 1146 1185 1229 1240 1283 1297 1312 1322 1369 1380 1394 1434 1481 1492 1507 1521 1535 1545 1563 1574 1592 1631 1673 1883 1889
//5
34 388 408 459 511 526 581 597 616 631 651 666 682 737 792 807 860 878 897 909 932 947 966 1019 1078 1093 1149 1166 1185 1200 1256 1276 1291 1620 1626
//3
24 361 367 802 814 846 864 881 896 936 949 979 1015 1441 1455 1465 1481 1519 1534 1549 1591 1602 1644 1658 1670
//5
28 222 340 387 407 422 442 456 508 519 539 553 573 623 676 690 745 762 780 792 851 1173 1189 1238 1253 1672 1678 1930 1936
//8
10 10 13 137 143 144 148 164 233 240 246
//19
10 443 457 490 521 529 644 653 710 739 745
//19
10 443 457 490 521 529 644 653 710 739 745
//8
10 143 158 192 302 314 398 428 488 501 507
//8
14 152 170 203 215 323 358 368 403 435 495 506 585 617 623
//8
10 166 182 336 418 448 508 519 597 629 635
//8
14 433 447 470 550 645 756 779 873 896 1016 1039 1127 1147 1153
//8
16 29 42 66 148 243 358 381 477 500 623 645 736 757 858 881 887
//19
10 188 203 237 251 361 372 756 765 827 833
//8
24 62 74 100 108 117 181 190 253 277 323 331 393 417 514 536 595 686 778 799 903 924 1024 1047 1053
//19
12 91 217 247 388 418 558 590 746 774 870 895 901
//8
26 83 97 122 133 141 169 216 280 305 351 360 422 446 546 570 628 637 697 720 813 836 940 963 1296 1315 1321
//19
12 391 425 593 721 751 829 929 1070 1103 1263 1292 1388
//8
34 124 137 164 174 182 210 258 325 350 362 369 396 406 470 495 559 566 595 619 680 690 750 774 870 893 1001 1025 1130 1153 1272 1293 1365 1385 1391
//19
22 343 374 456 538 550 632 662 722 735 793 825 903 915 971 1004 1037 1182 1323 1334 1345 1374 1380
//8
44 142 155 182 193 201 231 239 268 278 345 372 383 390 418 428 493 518 585 592 602 609 620 645 673 680 707 716 760 802 830 855 900 924 982 991 1033 1057 1116 1190 1312 1334 1407 1427 1433
//19
24 332 347 381 467 500 534 593 676 709 746 756 767 779 839 871 905 964 1020 1054 1133 1146 1202 1236 1314
//8
50 345 356 365 394 420 433 441 470 480 489 497 508 515 544 571 582 589 599 608 635 644 653 661 672 697 725 732 760 770 816 823 832 857 886 911 957 981 1042 1051 1093 1118 1178 1187 1229 1254 1379 1402 1427 1499 1505
//19
36 230 265 279 290 300 361 394 409 420 480 490 531 564 599 609 646 658 743 777 815 849 860 871 883 893 907 940 974 1034 1091 1127 1161 1171 1205 1218 1252
//8
28 462 492 501 509 519 526 535 545 553 564 589 617 624 651 659 704 729 790 800 842 867 927 936 996 1019 1044 1118 1209
//19
52 159 172 181 219 254 270 280 315 329 340 350 411 447 460 470 484 495 531 542 554 565 580 613 650 661 698 710 771 782 796 828 867 877 888 899 910 921 935 945 958 991 1028 1038 1073 1086 1097 1107 1119 1129 1143 1177 1210
//3
16 118 131 158 169 179 209 218 248 258 288 295 326 352 364 372 378
//3
16 118 131 158 169 179 209 218 248 258 288 295 326 352 364 372 378
//4
14 71 226 254 372 399 538 567 640 691 724 733 744 774 787
//4
18 199 354 383 501 531 585 615 670 699 732 740 772 783 857 867 878 907 922
//4
26 161 280 309 468 497 616 646 678 709 763 772 784 814 846 855 867 876 887 898 972 982 993 1023 1037 1386 1513
//3
12 207 293 327 463 497 654 685 767 778 883 1286 1292
//4
32 425 584 613 690 720 734 763 796 805 817 825 835 846 879 888 901 931 965 973 986 994 1005 1016 1049 1057 1091 1100 1113 1142 1155 1507 1513
//4
20 56 67 159 170 602 635 643 656 665 675 685 718 727 760 771 782 812 826 1179 1307
//3
20 24 30 452 467 500 536 546 561 571 582 593 629 637 674 685 698 729 745 1111 1117
//19
30 51 63 73 107 116 128 138 217 250 286 294 305 316 352 360 396 429 440 473 484 495 529 539 573 605 619 627 641 649 660
//3
36 263 279 288 303 313 350 360 373 383 398 432 469 479 493 501 514 525 560 570 585 618 655 663 677 687 698 709 745 753 789 800 812 844 859 1220 1226
//19
56 47 105 135 148 158 193 225 304 338 394 405 441 449 485 519 531 540 553 562 573 584 620 628 664 694 709 718 732 740 751 763 775 783 821 853 865 874 912 922 933 944 979 988 1024 1055 1069 1079 1093 1101 1136 1145 1159 1168 1183 1213 1219
//3
52 30 41 52 66 76 118 153 165 175 217 227 238 250 288 298 336 370 385 395 410 420 455 465 480 490 504 538 575 584 599 608 619 631 667 675 690 722 759 768 782 791 802 813 849 858 894 905 918 949 964 1321 1327
//19
90 63 74 106 119 128 139 150 161 172 208 238 250 261 295 328 362 371 406 441 453 461 475 508 543 552 587 623 634 644 657 666 677 688 724 733 768 801 815 823 837 846 857 868 879 888 926 959 971 980 1018 1027 1039 1051 1086 1096 1131 1163 1178 1188 1202 1210 1246 1255 1269 1279 1293 1326 1362 1372 1386 1394 1406 1417 1453 1462 1477 1509 1545 1555 1569 1578 1589 1601 1637 1646 1683 1694 1705 2126 2132
//3
58 344 356 366 381 392 405 417 457 467 507 541 557 567 582 592 604 617 629 639 681 715 727 737 778 788 799 810 848 858 896 930 945 955 970 979 1015 1025 1039 1047 1062 1095 1132 1142 1156 1164 1175 1188 1223 1233 1248 1280 1316 1326 1340 1348 1359 1371 1377
//19
100 54 65 76 110 166 179 209 223 232 243 254 265 276 312 342 354 366 400 410 421 432 468 476 512 547 559 568 582 590 601 614 649 659 695 729 741 751 765 773 784 796 831 841 876 909 924 934 947 956 967 979 990 999 1039 1071 1083 1091 1131 1139 1151 1162 1198 1207 1244 1277 1292 1300 1315 1324 1359 1369 1383 1392 1406 1439 1476 1486 1500 1509 1520 1532 1568 1578 1593 1625 1661 1671 1686 1695 1707 1718 1755 1764 1800 1812 1825 1856 1873 2256 2262
//3
56 374 709 748 760 774 812 823 862 902 914 924 939 949 963 975 1014 1024 1063 1098 1113 1123 1138 1148 1160 1171 1185 1193 1234 1268 1282 1292 1332 1342 1354 1367 1405 1413 1450 1484 1498 1508 1522 1532 1567 1577 1591 1601 1614 1648 1685 1695 1708 1717 1727 1971 1977
//8
10 65 71 97 134 144 157 188 204 574 580
//19
102 92 104 115 150 158 192 205 216 248 262 271 282 295 307 318 353 386 398 410 445 455 466 477 513 522 558 594 606 616 629 638 649 660 697 707 742 778 789 799 813 821 834 846 882 891 928 961 976 984 998 1008 1019 1030 1041 1051 1090 1123 1136 1144 1184 1193 1205 1216 1253 1262 1299 1332 1347 1356 1370 1380 1417 1426 1440 1450 1465 1498 1535 1544 1558 1568 1579 1591 1628 1637 1653 1685 1721 1731 1746 1756 1768 1780 1817 1826 1862 1873 1887 1919 1935 2320 2326
//3
54 280 592 604 645 656 670 682 723 734 775 814 828 838 854 864 876 890 929 939 978 1018 1030 1040 1055 1065 1077 1090 1129 1139 1177 1211 1227 1236 1251 1261 1273 1286 1298 1308 1348 1383 1395 1405 1446 1455 1468 1479 1516 1525 1561 1595 1610 1620 1634
//8
20 443 479 487 503 536 573 583 598 606 619 630 667 675 712 723 736 767 782 1148 1154
//8
20 443 479 487 503 536 573 583 598 606 619 630 667 675 712 723 736 767 782 1148 1154
