//5
14 339 465 491 640 668 698 708 759 785 795 872 878 1002 1008
//5
10 170 609 659 688 699 750 778 829 1002 1008
//3
10 22 28 464 472 504 515 888 894 981 1099
//4
10 89 100 146 156 177 189 234 245 604 610
//5
18 83 368 398 529 579 611 620 674 702 755 764 794 805 815 1263 1269 1390 1396
//4
18 451 488 513 523 542 553 571 581 606 617 629 640 667 678 697 721 1099 1105
//5
18 263 394 424 580 611 641 652 707 736 747 758 830 841 853 1307 1313 1437 1443
//3
10 409 415 455 466 499 510 686 851 889 895
//4
20 350 387 439 451 469 480 507 518 530 541 569 580 592 603 630 642 660 673 1078 1084
//5
18 209 342 372 533 563 594 605 660 690 744 754 786 797 808 818 824 949 955
//3
10 377 383 453 468 496 506 683 775 891 897
//4
26 205 245 266 279 332 343 368 380 425 436 456 469 497 508 520 531 559 570 585 596 620 631 654 665 1087 1093
//5
26 190 326 356 430 442 494 505 516 546 579 590 601 612 646 677 689 700 733 741 774 784 796 817 972 1401 1407
//4
22 441 454 466 518 541 553 681 727 766 785 805 817 844 855 876 888 940 952 1011 1017 1133 1139
//5
24 201 341 372 449 460 514 525 536 566 600 611 621 634 668 698 709 722 798 810 821 851 1009 1428 1434
//4
12 392 403 415 428 456 468 502 515 530 542 700 706
//5
28 190 332 365 443 454 509 520 531 563 597 608 619 632 642 651 665 695 708 720 753 763 797 808 820 862 1022 1419 1425
//3
14 128 134 321 334 547 611 626 668 679 694 736 913 952 958
//4
16 42 53 64 75 83 97 127 139 150 183 191 224 235 246 248 251
//4
16 42 53 64 75 83 97 127 139 150 183 191 224 235 246 248 251
//5
26 348 359 468 479 512 527 537 548 560 571 585 622 656 668 682 717 728 742 753 791 802 840 874 880 1067 1073
//5
46 329 341 355 391 400 438 452 464 499 515 524 537 549 562 574 612 649 661 675 713 723 735 749 787 797 837 877 890 900 915 925 938 950 991 1002 1042 1082 1096 1106 1122 1132 1144 1158 1164 1396 1402
//3
26 264 274 316 335 346 361 376 391 406 455 498 513 528 572 585 600 615 661 673 719 765 810 822 956 999 1005
//4
56 369 384 394 409 419 431 444 456 465 507 541 554 564 605 615 627 639 677 687 726 761 777 786 800 810 848 858 873 883 897 932 970 980 995 1003 1016 1028 1066 1076 1092 1126 1164 1174 1188 1197 1209 1221 1259 1268 1305 1317 1329 1362 1378 1766 1772
//5
56 336 376 388 402 437 453 463 477 491 503 517 556 593 605 619 661 671 683 697 739 750 791 831 846 857 873 884 898 910 952 963 1005 1046 1061 1071 1087 1098 1112 1126 1169 1179 1222 1260 1278 1288 1306 1317 1331 1343 1357 1368 1415 1453 1465 1918 1924
//3
36 116 133 149 197 209 257 274 290 333 352 364 379 395 413 428 475 518 533 549 596 610 625 640 687 698 744 790 805 817 836 847 858 1160 1175 1205 1646
//4
102 304 318 331 370 380 419 432 445 481 497 507 519 532 544 558 597 634 647 659 699 709 723 735 776 786 825 863 877 887 903 913 925 938 977 987 1026 1066 1079 1089 1105 1115 1127 1140 1180 1190 1230 1265 1281 1291 1306 1316 1328 1341 1353 1363 1405 1441 1454 1464 1506 1516 1528 1541 1580 1590 1628 1662 1678 1688 1704 1714 1752 1762 1777 1787 1802 1836 1875 1884 1899 1909 1921 1934 1972 1982 1997 2031 2069 2080 2095 2105 2117 2129 2167 2177 2215 2227 2240 2273 2289 2681 3125
//5
56 199 212 226 269 280 323 365 380 391 409 420 433 447 490 500 545 588 603 614 630 641 655 670 714 725 769 809 827 838 856 867 881 895 908 920 968 1009 1023 1034 1083 1094 1109 1123 1168 1180 1224 1265 1284 1295 1313 1325 1369 1382 1395 1449 1455
//3
20 236 305 320 326 378 394 407 424 437 453 468 515 526 573 615 634 646 783 825 1201
//5
20 205 220 234 276 287 330 344 359 397 416 427 440 454 468 483 526 567 582 596 602
//3
26 134 150 166 216 227 277 292 308 354 374 386 403 418 434 450 498 544 559 575 625 636 646 931 943 985 998
//4
102 302 316 329 370 379 419 433 446 483 499 509 523 535 549 562 603 640 654 666 708 718 732 745 786 796 837 877 891 901 917 927 940 953 993 1003 1044 1084 1098 1108 1124 1134 1147 1160 1201 1211 1251 1288 1304 1314 1330 1340 1353 1365 1378 1388 1431 1467 1481 1491 1533 1543 1556 1570 1610 1620 1660 1695 1711 1721 1736 1746 1785 1795 1810 1820 1835 1872 1911 1921 1936 1946 1958 1971 2010 2020 2036 2071 2111 2121 2137 2146 2159 2171 2209 2219 2259 2271 2284 2319 2335 2733 3135
//5
56 44 89 133 148 159 177 188 203 218 263 274 319 361 380 392 409 421 435 450 465 477 526 567 583 595 644 655 670 685 732 743 789 831 850 862 880 892 938 949 968 980 999 1041 1088 1099 1118 1129 1144 1159 1206 1218 1237 1279 1312 1447 1453
//3
28 85 113 163 179 192 210 224 239 254 304 315 365 413 428 442 461 472 488 503 551 564 611 654 673 716 825 868 1192
//5
34 177 193 207 250 261 306 321 336 375 394 405 420 435 449 463 508 551 565 580 626 637 652 667 713 725 772 816 833 845 865 876 891 904 910
//3
16 182 198 216 268 280 331 348 366 413 433 447 462 478 495 512 849
//4
100 324 338 351 393 403 445 459 473 511 528 539 553 566 580 593 635 674 687 701 743 753 767 780 822 833 875 917 931 942 958 968 982 995 1037 1047 1089 1131 1145 1155 1172 1183 1196 1210 1252 1263 1304 1342 1358 1369 1385 1396 1410 1423 1437 1447 1491 1528 1542 1552 1596 1607 1621 1634 1675 1686 1726 1763 1780 1790 1806 1816 1856 1866 1882 1892 1908 1945 1985 1995 2010 2021 2035 2047 2087 2097 2114 2149 2190 2200 2215 2225 2238 2250 2290 2300 2339 2352 2365 2402 2408
//5
58 266 305 316 363 405 423 435 452 465 480 495 511 523 572 616 632 643 693 704 719 734 781 792 840 883 902 914 932 943 990 1002 1021 1033 1052 1095 1143 1155 1173 1185 1200 1215 1262 1273 1294 1337 1385 1397 1415 1427 1443 1458 1507 1518 1566 1581 1597 1641 1661
//3
32 384 396 412 464 478 494 512 564 578 630 681 697 711 731 743 761 777 828 840 891 941 957 971 988 1002 1017 1035 1083 1097 1144 1190 1367
//3
32 384 396 412 464 478 494 512 564 578 630 681 697 711 731 743 761 777 828 840 891 941 957 971 988 1002 1017 1035 1083 1097 1144 1190 1367
//19
10 90 105 133 144 154 187 238 312 661 674
//19
10 90 104 130 143 237 311 340 395 406 744
//19
12 56 70 98 109 119 150 203 275 303 358 369 375
//19
16 52 66 93 104 114 187 198 271 300 355 366 440 469 879 896 902
//19
12 23 25 66 76 170 243 272 327 338 412 441 852
//19
10 29 43 69 81 175 249 278 419 448 454
//19
14 469 482 510 521 616 689 718 773 784 858 887 1009 1038 1392
//19
12 473 486 514 526 721 776 787 860 890 1012 1041 1471
//19
12 472 486 512 523 718 773 783 856 885 1007 1037 1043
//19
10 45 137 147 218 246 385 414 533 562 571
//19
18 264 279 309 322 333 367 377 411 422 503 533 548 558 592 603 684 714 720
//19
24 297 312 343 355 365 399 409 443 454 535 565 625 636 717 748 762 772 878 910 945 1001 1082 1115 1121
//19
30 296 311 341 354 365 399 409 443 454 465 474 533 563 578 588 622 633 713 745 759 792 874 906 985 996 1056 1110 1240 1273 1279
//19
30 323 337 368 380 391 425 435 469 482 516 524 559 591 605 614 648 659 695 703 739 771 901 933 1013 1024 1105 1138 1268 1300 1306
//19
28 333 348 378 392 403 437 447 481 492 573 603 618 627 661 672 706 715 749 782 911 943 1024 1035 1117 1148 1280 1313 1320
//19
28 352 367 398 409 420 456 464 499 511 522 530 589 619 679 690 771 802 933 966 1045 1056 1138 1171 1301 1333 1483 1520 1526
//19
32 352 366 397 409 420 456 464 500 511 545 554 589 621 635 643 677 690 769 801 907 915 930 962 1041 1052 1134 1167 1299 1329 1482 1516 1522
//19
36 353 368 398 410 421 457 513 524 533 591 623 637 645 681 691 702 710 724 734 768 800 838 846 906 915 928 960 1041 1053 1133 1165 1297 1330 1480 1515 1521
//19
46 367 381 412 424 434 470 478 514 525 536 544 558 568 602 634 693 704 715 723 738 747 781 814 827 837 851 859 895 903 917 926 939 971 1052 1063 1075 1084 1144 1175 1235 1246 1306 1339 1489 1525 1531
//19
46 367 381 412 424 434 470 478 514 525 536 544 558 568 602 634 693 704 715 723 738 747 781 814 827 837 851 859 895 903 917 926 939 971 1052 1063 1075 1084 1144 1175 1235 1246 1306 1339 1489 1525 1531
//5
22 42 174 205 241 251 286 299 356 393 430 440 475 488 499 509 524 532 546 993 1363 1549 1555
//5
22 77 210 245 329 341 402 441 478 487 525 539 550 560 575 585 597 636 675 680 1005 1092 1098
//2
10 271 275 281 316 323 440 446 452 840 846
//3
24 168 399 406 412 833 846 884 900 923 968 1273 1288 1331 1378 1395 1410 1426 1441 1452 1472 1514 1530 1545 1551
//5
34 30 42 78 117 152 216 252 290 301 339 351 365 375 391 401 413 451 492 503 542 555 567 577 593 604 618 657 698 709 748 769 1076 1494 1500
//3
30 17 32 42 257 267 273 710 741 791 807 1204 1252 1266 1314 1329 1345 1359 1406 1424 1440 1483 1530 1545 1561 1576 1626 1668 1684 1699 2142
//5
40 20 85 145 187 197 208 222 260 270 286 323 362 373 414 428 440 450 466 477 491 532 572 583 624 638 651 661 679 690 702 744 786 797 841 853 867 903 1157 1501 1507
//4
56 180 264 294 307 361 371 378 388 420 431 475 484 491 537 544 589 596 611 619 654 661 685 692 699 731 740 747 764 772 821 828 848 855 874 881 897 905 920 928 938 946 978 985 1022 1030 1067 1075 1086 1140 1154 1206 1365 1374 1432 1440 1446
//3
38 40 60 74 88 116 568 577 612 622 1075 1501 1513 1547 1571 1638 1650 1969 2020 2034 2082 2099 2115 2127 2146 2161 2176 2224 2274 2286 2333 2349 2427 2442 2458 2504 2649 2692 3052
//4
34 399 412 468 482 496 555 595 609 790 805 833 848 918 933 957 971 1036 1052 1079 1094 1121 1135 1159 1173 1201 1216 1240 1255 1284 1298 1363 1378 1563 1569
//5
44 39 105 115 129 167 234 248 260 273 288 298 314 352 394 404 446 459 473 484 501 513 525 568 610 622 665 678 692 703 721 732 747 789 833 844 890 905 919 931 975 1006 1012 1022 1028
//3
36 452 466 885 928 942 992 1008 1024 1036 1056 1070 1086 1136 1184 1197 1245 1262 1276 1289 1308 1320 1338 1386 1433 1447 1494 1510 1587 1603 1621 1664 1711 1758 1805 1848 2137
//5
44 176 190 228 271 312 324 335 353 364 380 419 463 474 517 531 543 554 572 583 597 640 685 696 740 755 769 781 798 810 825 869 915 927 973 988 1003 1014 1060 1075 1091 1133 1155 1176 1182
//5
16 273 289 299 315 326 368 378 394 405 423 846 860 1220 1244 1253 1259
//3
42 277 309 333 348 395 766 779 796 812 829 842 862 874 894 939 989 1003 1051 1069 1085 1097 1117 1130 1146 1194 1244 1255 1305 1320 1335 1349 1367 1380 1396 1445 1493 1507 1555 1570 1680 1723 1770
//5
48 260 306 347 361 372 388 399 418 457 500 513 557 571 586 597 614 626 640 685 730 742 788 803 816 829 846 858 874 919 966 979 1026 1041 1056 1067 1114 1129 1145 1189 1236 1251 1266 1281 1296 1307 1317 1325 1331
//6
10 103 109 365 377 443 452 690 696 941 947
//3
16 438 452 460 689 698 704 827 842 878 893 909 956 968 1017 1032 1048
//5
18 202 244 285 301 312 441 482 525 536 580 592 952 987 1004 1066 1079 1100 1106
//5
18 202 244 285 301 312 441 482 525 536 580 592 952 987 1004 1066 1079 1100 1106
